0 488 1191 25 23
1 1662 1183 29 32
2 936 1182 40 32
3 1429 1167 29 33
4 358 1149 26 28
5 985 1147 51 29
6 389 1143 28 30
7 369 1138 23 25
8 396 1123 23 28
9 985 1118 43 43
10 1099 1117 19 22
11 920 1116 22 33
12 408 1111 42 65
13 660 1116 30 28
14 1368 1111 32 49
15 980 1101 25 39
16 876 1102 39 28
17 968 1093 23 29
18 672 1094 30 23
19 851 1077 19 25
20 1403 1054 72 50
21 881 1052 22 26
22 965 1046 30 30
23 942 1046 28 25
24 308 1039 29 28
25 1151 1034 50 50
26 924 1027 19 25
27 286 1027 23 23
28 1516 1023 32 32
29 213 1019 25 33
30 25 1016 37 43
31 935 1015 53 40
32 1404 1014 28 22
33 939 997 25 25
34 1039 978 26 21
35 1145 965 37 32
36 908 959 26 26
37 871 953 40 19
38 441 939 26 25
39 1262 928 46 37
40 1164 929 26 28
41 1729 924 47 39
42 460 922 28 36
43 1782 913 22 23
44 859 910 33 29
45 436 906 30 32
46 1750 899 30 21
47 991 896 29 35
48 1779 894 29 23
49 442 893 35 23
50 1106 890 37 39
51 916 886 30 32
52 469 884 32 37
53 1796 879 42 70
54 1766 879 32 26
55 1737 876 36 32
56 446 872 22 25
57 465 865 22 28
58 1823 858 39 49
59 591 860 43 29
60 261 855 23 26
61 99 853 26 30
62 747 822 49 46
63 0 813 14 35
64 840 804 39 33
65 1440 800 37 18
66 1476 795 25 19
67 120 792 37 32
68 615 774 26 40
69 1571 762 25 25
70 1626 762 23 19
71 152 757 36 29
72 1664 755 25 25
73 433 751 21 25
74 202 749 29 39
75 1625 749 28 16
76 1001 742 25 29
77 1040 738 51 51
78 142 730 30 30
79 294 725 30 28
80 984 721 25 26
81 871 695 33 40
82 538 682 70 47
83 852 681 29 26
84 609 670 19 33
85 913 667 47 46
86 1022 663 35 30
87 543 660 32 25
88 386 657 42 26
89 893 647 29 61
90 612 637 50 16
91 1060 616 36 33
92 609 606 29 26
93 548 599 26 28
94 185 596 28 39
95 552 575 23 28
96 0 550 33 33
97 933 522 32 32
98 425 501 51 46
99 1615 502 28 30
100 1277 488 25 35
101 1187 484 56 32
102 1585 478 23 30
103 963 472 25 25
104 1425 469 33 28
105 1349 455 36 35
106 1736 449 44 64
107 1233 386 23 23
108 1430 380 21 25
109 1462 363 30 28
110 1338 359 42 51
111 1315 356 26 23
112 1204 348 22 22
113 1338 340 23 21
114 1336 323 23 21
115 1876 315 26 23
116 1215 313 43 29
117 1165 314 29 28
118 1298 300 36 22
119 1326 296 32 36
120 1396 284 30 28
121 1400 249 30 37
122 1394 207 54 50
123 413 186 36 32
124 347 167 25 22
125 315 159 37 37
126 365 154 36 26
127 532 151 22 23
128 153 137 50 56
129 321 130 58 46
130 1380 113 28 29
131 1269 109 57 53
132 1263 110 25 30
133 232 104 47 44
134 1369 102 29 22
135 1263 99 33 19
136 1290 92 21 26
137 382 87 37 47
138 1798 40 33 39
139 1758 39 25 28
140 1719 32 21 29
141 1793 26 26 23
142 174 24 36 37
143 1513 16 30 28
144 1373 15 19 26
145 316 4 28 32
