0 1677 1155 36 29
1 667 1041 21 29
2 78 1041 29 32
3 1603 1007 29 30
4 319 1005 33 26
5 1664 1000 30 23
6 1609 987 26 21
7 1588 985 28 30
8 43 979 65 44
9 1522 980 21 21
10 1589 960 37 32
11 619 956 32 33
12 1627 948 28 25
13 722 937 26 28
14 1542 928 28 29
15 1575 923 28 33
16 1625 924 22 21
17 142 900 43 33
18 625 876 16 30
19 1687 870 30 25
20 1734 836 26 21
21 1504 833 23 21
22 1756 830 25 32
23 1573 790 32 30
24 693 770 28 39
25 1288 708 42 37
26 1497 664 39 40
27 1769 650 42 51
28 1264 651 23 23
29 1916 639 19 50
30 1255 628 28 29
31 1288 599 33 36
32 1225 595 29 22
33 1249 552 39 37
34 76 553 28 28
35 714 502 26 29
36 685 494 29 22
37 610 488 28 25
38 194 476 23 42
39 165 472 37 32
40 693 450 25 29
41 638 432 21 22
42 78 427 37 26
43 1525 420 39 30
44 218 418 29 25
45 6 416 36 40
46 552 405 25 30
47 98 388 26 25
48 518 379 77 40
49 294 381 26 28
50 528 366 30 28
51 224 362 25 25
52 204 362 23 23
53 112 331 18 26
54 149 322 39 33
55 196 303 32 33
56 1032 291 25 33
57 95 283 51 32
58 161 276 36 32
59 126 227 47 47
60 352 224 21 23
61 1705 217 37 25
62 1304 213 32 35
63 322 205 42 42
64 425 203 39 37
65 152 178 33 30
66 180 173 26 25
67 1788 168 23 25
68 676 159 23 29
69 1221 147 28 26
70 609 138 26 25
71 1331 136 22 29
72 1755 132 33 25
73 1444 113 36 42
74 1735 113 39 16
75 1381 110 30 21
76 1406 101 43 42
77 1811 95 43 37
78 574 53 37 33
79 1590 45 49 46
80 1618 31 35 29
81 1906 27 30 37
82 871 24 46 42
83 83 12 33 25
84 0 2 30 42
85 962 0 39 43
86 1909 0 26 32
87 584 0 39 29
