0 349 1201 39 14
1 558 1193 35 22
2 1162 1168 26 48
3 1735 1160 36 28
4 617 1144 46 54
5 607 1129 35 23
6 161 1126 14 35
7 266 1112 32 28
8 519 1063 58 40
9 602 1060 39 30
10 79 1016 43 35
11 168 914 35 40
12 369 902 22 23
13 333 892 40 46
14 393 895 25 19
15 145 892 46 39
16 418 891 28 29
17 259 888 28 30
18 171 881 49 54
19 379 879 21 28
20 198 867 57 106
21 441 877 30 26
22 356 876 25 25
23 416 869 22 19
24 259 863 21 30
25 446 860 29 22
26 224 856 35 54
27 272 857 28 33
28 182 852 50 35
29 306 841 67 84
30 394 847 28 25
31 362 844 37 42
32 305 842 32 39
33 416 837 26 26
34 455 830 21 26
35 514 829 22 22
36 386 826 23 23
37 708 818 51 29
38 240 819 29 28
39 161 814 47 40
40 359 812 33 42
41 322 810 40 47
42 462 803 61 53
43 676 803 56 35
44 383 803 22 28
45 353 801 22 28
46 507 789 32 36
47 278 790 32 35
48 420 772 25 30
49 395 711 25 35
50 126 709 46 49
51 458 702 18 30
52 477 687 25 26
53 1795 685 22 22
54 1865 679 46 26
55 1848 672 28 56
56 381 664 85 99
57 1211 670 44 35
58 559 665 33 39
59 1819 661 28 32
60 1881 659 22 22
61 510 656 28 29
62 375 656 35 23
63 424 652 18 26
64 1781 648 25 26
65 437 637 57 70
66 513 635 22 28
67 1893 630 23 42
68 1749 617 36 32
69 500 606 28 36
70 1771 569 23 26
71 671 561 30 39
72 1874 552 46 33
73 464 550 29 30
74 712 545 54 53
75 1787 543 39 54
76 1632 529 42 35
77 437 521 43 53
78 1851 520 30 26
79 1751 520 32 26
80 32 511 67 74
81 677 494 25 30
82 1715 494 36 28
83 1743 483 79 96
84 706 467 29 30
85 740 460 23 26
86 654 427 46 63
87 675 419 39 26
88 1897 414 35 42
89 1449 413 28 28
90 1299 396 29 29
91 634 397 26 26
92 1440 391 30 26
93 1291 365 21 30
94 1380 364 39 32
95 665 352 25 43
96 1205 321 40 29
97 708 291 23 30
98 691 263 37 43
99 715 251 29 42
100 736 249 44 49
101 166 238 50 32
102 1371 208 37 35
103 291 198 22 32
104 1884 192 40 32
105 556 186 30 28
106 1133 167 30 47
107 1415 163 16 26
108 1602 65 32 44
109 1089 19 50 32
110 1579 6 57 39
