0 1116 1196 35 19
1 301 1181 64 34
2 287 1170 54 45
3 360 1169 61 46
4 495 1117 32 23
5 720 1061 46 33
6 518 1049 44 50
7 1015 1039 35 43
8 794 1019 33 29
9 327 1020 25 23
10 414 1011 43 51
11 589 1000 30 33
12 612 999 26 29
13 0 983 25 39
14 627 947 46 30
15 796 939 35 29
16 1906 935 29 37
17 176 925 32 49
18 1026 903 65 61
19 1906 899 25 32
20 915 898 51 42
21 811 879 28 36
22 1841 870 63 63
23 1019 852 131 74
24 1155 842 26 32
25 874 839 36 39
26 1132 837 22 49
27 562 836 22 22
28 1865 827 57 82
29 911 834 35 35
30 383 820 43 36
31 1076 818 32 19
32 982 809 47 37
33 1215 802 36 29
34 1679 794 33 26
35 473 786 21 29
36 542 778 25 28
37 1240 774 23 23
38 1198 769 46 40
39 766 770 32 33
40 1151 770 33 26
41 1577 769 36 23
42 1061 764 29 42
43 1078 761 44 44
44 1896 762 25 29
45 1273 761 29 33
46 1603 756 28 26
47 1052 749 35 23
48 460 743 37 50
49 1912 744 22 26
50 1890 730 28 39
51 948 704 23 33
52 1235 687 28 43
53 981 687 37 46
54 298 680 23 25
55 1094 680 21 21
56 1120 675 28 35
57 885 674 37 30
58 1412 667 40 30
59 1114 647 29 37
60 997 643 33 42
61 248 639 23 22
62 1491 634 28 28
63 1452 623 47 43
64 1488 615 33 23
65 1898 603 25 23
66 1095 594 26 30
67 1410 544 21 19
68 1901 542 34 28
69 1497 527 63 64
70 1914 520 21 28
71 474 478 39 32
72 399 466 37 35
73 1471 456 21 30
74 319 391 44 43
75 353 388 40 50
76 924 387 32 33
77 1025 377 40 37
78 1041 342 61 53
79 1599 306 19 29
80 1628 300 26 23
81 535 294 35 43
82 911 270 49 78
83 1166 268 37 37
84 1017 257 23 19
85 1164 247 29 33
86 1046 228 26 23
87 1154 219 39 36
88 963 212 37 30
89 643 209 46 42
90 1875 201 26 25
91 1036 196 36 33
92 1734 196 25 23
93 1150 192 46 36
94 1084 194 28 28
95 784 183 26 29
96 619 178 49 68
97 1141 177 23 19
98 1106 172 40 36
99 1085 164 28 36
100 0 164 33 26
101 993 121 35 49
102 1731 114 30 29
103 1258 93 23 22
104 1037 92 23 23
105 1217 81 29 35
106 1279 79 25 30
107 0 75 12 40
108 1898 70 35 25
109 1297 60 26 36
110 975 36 72 98
111 1267 36 40 47
112 858 33 37 37
113 1822 13 37 49
