0 1828 1189 23 23
1 1785 1188 29 27
2 304 1185 40 22
3 1292 1177 51 32
4 1173 1176 46 33
5 789 1173 25 22
6 1880 1170 30 37
7 1850 1171 26 32
8 1010 1163 25 32
9 351 1163 33 30
10 1372 1146 36 33
11 1256 1147 22 23
12 1597 1146 25 23
13 1346 1139 35 32
14 1397 1124 28 32
15 112 1113 36 32
16 1072 1108 57 42
17 282 1106 33 37
18 0 1098 42 32
19 74 1095 39 23
20 1316 1087 67 65
21 33 1088 23 26
22 1351 1085 43 33
23 1036 1084 19 33
24 1506 1075 29 32
25 1061 1070 28 26
26 1912 1024 24 60
27 1865 1028 25 35
28 1577 1026 42 36
29 605 1022 26 25
30 633 1019 21 25
31 588 1002 33 25
32 759 1000 26 22
33 1101 978 22 26
34 1902 969 33 29
35 395 958 43 56
36 585 955 36 30
37 592 941 33 26
38 761 916 29 30
39 1576 910 46 51
40 656 910 44 30
41 1595 909 28 33
42 1485 902 32 37
43 1256 902 26 23
44 1304 898 32 32
45 1861 895 26 28
46 1276 882 36 29
47 1089 876 37 30
48 644 873 29 28
49 1341 867 26 23
50 1293 865 42 42
51 1036 861 25 29
52 1278 856 26 32
53 1069 854 42 36
54 574 843 36 32
55 1830 841 32 35
56 546 833 26 26
57 645 816 30 29
58 566 813 50 36
59 802 811 35 37
60 1910 808 25 35
61 375 806 56 36
62 1553 805 25 21
63 960 801 33 30
64 315 801 29 32
65 594 797 37 39
66 1917 787 19 28
67 642 784 32 35
68 614 768 28 39
69 403 765 28 25
70 569 756 68 70
71 1622 749 35 32
72 618 751 25 19
73 498 728 33 33
74 442 725 36 30
75 190 723 28 32
76 165 720 32 29
77 769 720 28 21
78 1456 713 33 18
79 1117 710 30 33
80 798 709 25 26
81 1356 704 30 29
82 1308 688 29 30
83 786 689 26 25
84 1509 687 25 26
85 1271 675 57 71
86 1154 654 43 26
87 1108 649 49 50
88 634 649 32 42
89 297 643 35 36
90 876 628 49 40
91 621 623 35 33
92 350 611 42 43
93 456 612 30 26
94 1314 603 26 26
95 1118 601 30 30
96 490 590 29 39
97 646 584 68 51
98 1110 585 29 25
99 1071 575 46 44
100 509 566 46 50
101 466 559 37 35
102 905 538 39 36
103 429 539 26 26
104 467 532 39 32
105 630 530 36 26
106 379 517 37 37
107 660 514 19 30
108 606 506 32 60
109 1230 509 47 32
110 455 502 60 44
111 400 504 35 26
112 334 496 54 49
113 426 495 36 26
114 598 489 40 53
115 370 487 23 21
116 651 484 25 25
117 624 475 46 68
118 682 467 37 47
119 1891 465 32 35
120 424 459 28 43
121 571 457 18 25
122 399 455 22 33
123 667 452 25 32
124 367 434 43 61
125 698 432 26 32
126 424 428 19 28
127 1144 419 33 44
128 1127 420 26 28
129 905 419 26 30
130 676 414 25 36
131 428 412 23 23
132 1324 403 21 28
133 668 400 22 29
134 811 397 25 35
135 1799 396 46 33
136 1402 379 25 26
137 1373 362 37 58
138 879 356 23 28
139 540 342 60 50
140 718 342 33 29
141 1395 330 22 28
142 579 329 29 28
143 1864 320 35 32
144 1130 320 22 28
145 1150 318 28 29
146 709 311 42 42
147 1147 298 29 25
148 11 296 30 29
149 1749 280 39 32
150 913 268 28 23
151 1137 264 28 30
152 1141 248 54 53
153 1206 245 26 23
154 793 225 47 61
155 1053 215 32 32
156 616 200 43 49
157 530 193 26 25
158 1745 176 43 42
159 1480 172 39 37
160 1435 165 32 32
161 560 153 43 54
162 419 152 40 47
163 354 150 26 36
164 1455 146 30 35
165 382 144 21 29
166 1468 136 67 35
167 512 121 29 32
168 339 116 30 28
169 0 113 19 32
170 1770 93 43 30
171 762 81 39 39
172 838 79 47 32
173 1145 73 30 29
174 856 65 28 30
175 1690 62 25 23
176 1275 44 28 36
177 589 43 28 32
178 1670 19 26 22
179 0 10 43 51
180 716 12 28 30
181 770 1 33 39
182 1339 0 26 40
183 1316 0 29 28
