0 651 1196 26 19
1 1468 1180 28 36
2 363 1179 22 30
3 102 1165 29 37
4 1488 1162 30 30
5 1869 1157 33 39
6 1191 1159 22 26
7 494 1150 42 37
8 135 1149 29 32
9 1228 1148 22 23
10 366 1147 33 35
11 1600 1146 29 23
12 1614 1132 23 23
13 119 1127 30 23
14 92 1116 33 32
15 49 1114 28 22
16 222 1106 26 30
17 132 1106 32 22
18 243 1087 29 44
19 33 1088 28 32
20 19 1078 25 30
21 626 1078 21 28
22 100 1073 36 36
23 1063 1069 35 42
24 1574 1057 43 65
25 0 1051 40 49
26 949 1048 36 36
27 960 1028 64 42
28 1014 1012 103 64
29 548 1016 33 35
30 0 1001 92 103
31 1200 997 37 32
32 182 998 25 23
33 457 992 36 36
34 1263 983 22 46
35 1278 979 39 51
36 1732 979 53 36
37 971 972 53 68
38 1558 964 44 33
39 1777 960 21 23
40 1165 943 42 43
41 945 942 32 21
42 484 934 29 32
43 1254 927 28 28
44 1105 927 25 23
45 522 920 28 47
46 377 918 49 46
47 1759 920 26 25
48 912 914 43 68
49 1641 918 33 32
50 419 914 74 60
51 352 917 22 29
52 613 909 21 26
53 924 892 71 64
54 1065 893 25 26
55 949 891 49 42
56 968 884 25 23
57 838 871 28 21
58 1168 861 40 49
59 1130 862 22 40
60 15 862 19 29
61 1760 840 43 51
62 1880 841 22 26
63 1908 839 25 25
64 964 838 29 29
65 1427 835 32 25
66 278 828 22 35
67 1809 829 25 19
68 1762 826 23 30
69 1738 825 25 19
70 61 816 35 40
71 1086 816 36 32
72 280 812 28 28
73 160 808 35 43
74 987 806 39 37
75 258 805 30 36
76 1766 800 54 30
77 1910 801 25 21
78 1866 784 53 64
79 420 777 40 43
80 1867 776 30 23
81 1695 773 33 36
82 1208 757 42 43
83 1205 744 28 21
84 1401 737 43 32
85 1041 732 35 35
86 747 717 33 35
87 1225 711 30 33
88 251 704 63 54
89 825 706 35 29
90 40 700 50 42
91 1896 701 25 25
92 814 691 28 21
93 1546 689 22 22
94 823 680 25 19
95 768 673 37 47
96 1258 660 30 29
97 1612 635 54 44
98 502 621 39 40
99 810 619 54 42
100 1507 616 30 30
101 791 607 28 29
102 1601 587 32 32
103 547 586 22 22
104 1782 571 37 29
105 61 570 28 23
106 1745 568 26 33
107 1154 569 23 22
108 399 567 35 39
109 804 567 23 23
110 1175 559 28 29
111 1616 558 26 23
112 841 556 32 25
113 510 555 29 32
114 1396 552 29 19
115 1553 550 19 23
116 47 549 25 25
117 1361 542 30 43
118 1202 540 32 39
119 66 541 25 21
120 891 526 29 29
121 1423 516 23 25
122 1386 513 23 29
123 881 513 21 26
124 1588 505 46 40
125 1344 494 37 43
126 1839 492 33 28
127 529 488 28 28
128 511 468 25 33
129 1457 463 22 35
130 636 460 30 30
131 529 441 58 65
132 266 438 28 40
133 816 433 49 42
134 970 414 39 40
135 1504 412 23 30
136 347 391 36 37
137 715 391 47 29
138 1859 381 32 19
139 376 378 32 36
140 701 373 35 18
141 754 369 28 23
142 672 362 35 36
143 722 363 39 22
144 586 359 22 26
145 688 354 35 21
146 1356 339 35 42
147 970 340 22 30
148 125 337 32 37
149 720 338 23 25
150 152 332 30 44
151 319 331 30 30
152 1405 328 26 25
153 142 312 28 23
154 661 309 35 33
155 1914 306 21 39
156 1669 304 36 29
157 1522 296 22 23
158 1899 295 23 28
159 625 275 30 23
160 456 272 30 28
161 246 266 21 25
162 189 258 23 30
163 629 256 30 25
164 1311 249 71 64
165 1430 246 29 25
166 1305 238 36 32
167 686 238 32 33
168 1827 234 33 30
169 1380 230 16 29
170 29 224 33 30
171 1343 223 23 30
172 1838 220 30 21
173 1005 216 25 40
174 412 213 30 44
175 97 212 42 50
176 1380 209 26 23
177 1274 206 21 23
178 1403 201 32 25
179 1425 190 49 63
180 993 188 43 37
181 1445 174 32 25
182 963 173 29 28
183 732 167 28 22
184 1005 162 61 43
185 789 150 28 26
186 1041 145 28 26
187 1332 138 30 33
188 837 138 22 28
189 1301 131 30 35
190 388 129 50 28
191 1779 108 23 33
192 1447 100 37 44
193 20 94 28 29
194 1341 80 28 22
195 216 76 25 43
196 1364 75 22 21
197 1857 65 37 49
198 1409 64 32 26
199 146 61 21 21
200 316 49 36 50
201 1376 46 23 26
202 1408 44 26 22
203 1114 25 18 23
204 1696 17 26 26
205 1197 0 33 23
206 607 0 44 21
207 322 0 30 18
