0 732 1199 44 16
1 428 1194 19 21
2 461 1184 49 31
3 1140 1172 50 40
4 655 1171 57 36
5 297 1161 23 22
6 1085 1150 28 22
7 309 1143 35 35
8 747 1133 43 56
9 1102 1132 30 21
10 297 1104 64 46
11 1477 1068 36 35
12 821 1061 40 47
13 154 1043 23 35
14 209 1041 25 26
15 1548 1037 35 39
16 419 1035 39 30
17 361 1028 19 22
18 919 1020 32 26
19 933 998 28 23
20 800 982 32 36
21 230 974 29 28
22 506 972 30 25
23 489 961 23 28
24 247 960 36 30
25 457 952 40 28
26 227 949 30 26
27 1891 938 44 42
28 282 936 30 30
29 253 922 36 26
30 284 920 25 18
31 232 920 32 19
32 1149 914 37 35
33 327 914 28 26
34 1075 913 29 26
35 1040 905 23 30
36 304 896 29 25
37 328 892 23 22
38 448 879 37 28
39 479 875 23 29
40 308 872 33 28
41 352 869 49 35
42 493 866 29 28
43 461 859 32 28
44 382 857 37 35
45 1071 857 28 25
46 1108 848 22 29
47 316 849 23 22
48 483 842 23 21
49 883 826 22 21
50 104 824 21 28
51 897 809 29 19
52 436 795 22 25
53 1532 763 23 22
54 412 758 30 30
55 1505 752 32 50
56 798 751 32 30
57 76 747 25 21
58 1518 740 30 30
59 1544 738 22 22
60 0 727 53 54
61 1298 710 46 36
62 899 709 26 23
63 74 702 29 42
64 404 703 26 26
65 874 685 67 39
66 377 671 39 40
67 1357 652 53 50
68 1086 630 58 77
69 1117 633 29 26
70 1023 602 44 33
71 353 577 29 23
72 1145 559 32 37
73 582 553 29 35
74 294 526 33 46
75 1874 519 30 33
76 1831 509 78 70
77 1857 496 33 32
78 33 483 26 19
79 1793 479 37 28
80 1859 479 28 21
81 1781 469 22 26
82 22 468 30 21
83 628 466 25 21
84 553 464 23 29
85 590 462 29 23
86 570 453 25 26
87 620 450 22 22
88 1578 443 23 23
89 1726 432 39 49
90 1747 414 21 22
91 1627 409 26 21
92 1921 400 14 35
93 547 396 21 26
94 1582 379 28 26
95 1455 375 30 33
96 1621 372 25 22
97 1477 372 23 23
98 908 363 44 23
99 299 351 23 25
100 1916 338 19 43
101 310 338 28 19
102 329 332 36 42
103 1002 329 22 25
104 941 275 30 44
105 856 248 30 42
106 538 230 64 70
107 965 207 37 36
108 782 205 23 29
109 1453 198 26 26
110 904 178 22 25
111 791 172 30 32
112 922 165 25 32
113 1773 155 42 46
114 894 151 35 32
115 776 151 21 19
116 986 144 28 26
117 691 135 21 28
118 883 127 22 22
119 1488 122 28 53
120 1889 92 29 23
121 413 86 35 26
122 1532 81 16 29
123 339 82 32 22
124 129 75 26 33
125 1832 74 29 28
126 1554 72 22 28
127 1534 67 25 19
128 1404 53 30 30
129 616 45 36 37
130 1320 30 32 21
131 1147 20 36 37
132 1186 17 23 21
133 1324 10 23 25
134 1204 3 39 43
135 1841 0 47 42
136 1096 1 28 16
137 1385 0 37 18
138 1155 0 49 43
