0 1447 1198 35 18
1 1575 1150 22 28
2 718 1127 33 33
3 1188 1103 21 21
4 1913 1094 22 39
5 810 1059 57 30
6 1837 1044 26 21
7 844 1031 60 57
8 1252 1008 28 25
9 1829 1001 35 21
10 1237 989 28 33
11 1256 984 25 26
12 1201 979 28 35
13 334 970 36 44
14 1166 966 23 40
15 431 963 29 36
16 1188 947 33 33
17 720 931 30 28
18 437 925 49 37
19 1387 905 23 23
20 1194 900 36 57
21 775 886 33 35
22 715 881 54 57
23 1367 876 71 39
24 1810 860 29 28
25 738 821 32 40
26 541 816 39 39
27 447 815 29 29
28 271 766 35 46
29 94 658 32 25
30 0 657 19 26
31 367 616 25 22
32 114 587 50 85
33 355 540 19 30
34 1549 525 49 37
35 1408 520 43 37
36 560 517 39 43
37 365 515 42 28
38 1365 466 32 28
39 548 438 46 50
40 589 413 28 28
41 1806 404 33 36
42 1661 397 30 22
43 1096 390 22 26
44 1410 385 40 21
45 725 381 33 28
46 1100 367 23 25
47 123 276 25 25
48 628 269 22 25
49 142 257 25 22
50 1143 246 26 25
51 157 236 22 26
52 90 232 29 28
53 109 219 35 25
54 1863 216 32 33
55 500 205 50 40
56 1303 198 26 46
57 143 191 37 33
58 68 187 22 49
59 87 180 21 23
60 101 176 33 39
61 71 120 25 18
62 591 95 29 32
63 637 48 25 35
64 0 42 18 36
65 0 10 30 29
