0 1007 1204 30 12
1 1298 1196 40 19
2 855 1181 49 34
3 1033 1181 23 30
4 536 1169 47 46
5 1549 1164 51 43
6 573 1160 33 32
7 309 1158 19 28
8 1656 1156 37 33
9 795 1130 25 29
10 1025 1113 23 26
11 1427 1102 46 32
12 1644 1084 23 19
13 1560 1082 32 29
14 1308 1078 33 50
15 1505 1052 23 28
16 701 1038 26 29
17 1561 1036 37 33
18 1513 1024 57 71
19 766 1031 29 26
20 1502 1029 18 30
21 725 1030 26 26
22 499 1027 32 26
23 992 1025 18 28
24 802 1022 25 28
25 80 1015 49 39
26 1013 1015 22 30
27 653 1003 72 68
28 505 1006 49 36
29 431 1005 33 36
30 742 1002 35 49
31 102 1004 26 22
32 411 999 19 40
33 1024 986 30 26
34 964 978 36 29
35 1590 972 54 67
36 714 965 81 79
37 1202 956 32 21
38 1649 952 25 25
39 180 940 29 30
40 334 935 50 47
41 1655 935 29 23
42 60 928 54 67
43 1557 929 50 50
44 440 932 36 29
45 705 931 22 23
46 1202 924 43 35
47 158 922 39 35
48 1633 918 30 47
49 110 914 60 36
50 1591 911 54 53
51 480 911 29 23
52 188 909 21 25
53 463 885 56 44
54 50 871 30 25
55 398 861 26 22
56 1201 856 39 23
57 600 856 25 22
58 455 854 40 39
59 1644 852 29 35
60 138 850 30 30
61 1353 845 39 30
62 768 833 18 29
63 833 834 22 19
64 1773 826 33 32
65 829 807 37 29
66 798 802 50 35
67 763 787 29 30
68 848 784 25 28
69 234 778 33 37
70 788 771 67 50
71 1040 768 53 51
72 659 771 33 23
73 801 768 25 21
74 1253 763 49 46
75 855 766 25 23
76 687 767 23 21
77 775 763 33 30
78 739 760 37 25
79 943 759 28 28
80 567 748 29 37
81 1021 747 26 22
82 767 744 23 23
83 792 743 28 25
84 970 742 25 25
85 1160 735 30 33
86 1469 726 46 40
87 510 721 33 25
88 689 720 23 21
89 1098 702 26 42
90 1000 703 35 35
91 441 702 39 32
92 1033 694 29 25
93 500 691 43 30
94 653 686 106 60
95 413 678 36 36
96 948 673 36 30
97 397 665 19 35
98 987 658 37 39
99 532 651 36 88
100 866 652 28 19
101 583 641 30 40
102 1241 641 40 29
103 961 641 23 25
104 860 638 19 23
105 600 634 40 40
106 433 627 35 30
107 833 623 37 54
108 971 625 23 26
109 539 619 23 22
110 592 615 30 22
111 937 614 28 21
112 978 606 25 22
113 800 606 22 28
114 411 600 56 43
115 1378 596 42 44
116 495 592 58 51
117 1703 587 44 51
118 922 587 23 22
119 861 579 71 79
120 483 584 25 47
121 592 584 50 39
122 458 580 29 25
123 812 570 72 82
124 550 575 22 22
125 1759 568 23 26
126 633 562 50 50
127 728 557 63 72
128 813 561 28 37
129 836 562 21 26
130 912 561 21 25
131 855 553 53 58
132 480 555 39 37
133 456 552 40 23
134 848 549 21 29
135 520 549 39 29
136 1727 548 33 35
137 1414 548 26 23
138 882 539 30 32
139 637 538 25 36
140 407 540 28 21
141 780 537 19 22
142 462 531 28 25
143 648 524 78 37
144 533 510 99 85
145 485 515 35 32
146 327 512 47 29
147 1790 507 25 28
148 679 504 32 25
149 768 502 23 25
150 480 495 32 22
151 1267 492 22 22
152 627 487 53 44
153 510 482 46 64
154 662 469 36 44
155 515 471 23 19
156 456 465 36 43
157 539 461 33 28
158 931 460 25 25
159 643 460 23 22
160 905 456 36 46
161 693 455 25 23
162 453 453 22 28
163 1659 451 33 28
164 1398 448 22 30
165 535 435 32 39
166 488 427 58 79
167 565 432 26 42
168 1366 430 36 32
169 391 430 46 33
170 1465 425 39 36
171 1678 409 32 46
172 662 411 32 30
173 1749 402 22 28
174 674 393 47 44
175 1764 387 23 30
176 1458 385 39 33
177 488 380 63 32
178 1417 375 35 26
179 482 371 26 28
180 533 369 26 30
181 969 364 50 42
182 425 363 26 26
183 472 340 22 22
184 578 331 26 19
185 786 307 58 88
186 1472 310 54 43
187 1069 299 30 32
188 1837 291 25 28
189 1266 283 65 75
190 1809 286 35 35
191 371 259 32 36
192 1405 261 22 21
193 1496 256 25 43
194 634 246 36 40
195 357 243 21 30
196 1828 233 39 46
197 553 224 29 33
198 324 225 25 21
199 1302 200 25 23
200 1519 181 22 23
201 900 169 28 29
202 975 159 39 32
203 555 144 44 60
204 1590 144 23 23
205 430 120 33 29
206 131 109 21 22
207 1689 105 46 37
208 333 96 36 36
209 424 79 47 53
210 852 61 25 30
211 383 57 35 40
212 1377 30 33 33
