0 1768 1188 43 27
1 1122 1185 26 31
2 1854 1180 30 25
3 1613 1160 22 29
4 1080 1160 21 23
5 1337 1120 22 22
6 1869 1101 49 56
7 1903 1085 32 39
8 1438 1085 33 39
9 1798 1075 42 40
10 1800 1056 26 25
11 1834 1052 42 37
12 1897 1032 22 28
13 267 995 36 37
14 1758 977 56 42
15 1262 953 35 49
16 1759 954 35 29
17 551 942 29 33
18 787 886 29 26
19 1440 883 29 32
20 809 880 56 51
21 1430 862 22 32
22 799 857 44 30
23 1449 856 25 25
24 1342 846 28 29
25 766 844 39 37
26 1449 828 25 28
27 794 823 26 29
28 1472 822 32 28
29 623 821 35 18
30 556 815 54 36
31 816 807 53 89
32 600 806 25 23
33 569 799 36 28
34 618 793 42 35
35 590 786 28 23
36 1249 780 26 39
37 148 779 32 33
38 749 770 49 46
39 917 769 32 39
40 820 764 35 33
41 729 749 29 44
42 290 749 35 29
43 886 735 21 21
44 879 716 19 21
45 554 709 21 28
46 996 698 70 35
47 617 683 49 44
48 965 667 85 50
49 1800 660 22 40
50 451 656 32 23
51 1913 645 18 33
52 342 634 32 44
53 1264 610 26 25
54 382 599 33 37
55 315 601 40 23
56 255 599 36 29
57 1346 584 46 64
58 957 586 23 28
59 969 578 46 35
60 1024 573 32 36
61 1007 566 19 35
62 956 557 28 29
63 985 549 29 30
64 709 535 21 23
65 861 489 40 51
66 702 462 33 30
67 678 459 30 25
68 683 434 32 25
69 1217 383 39 21
70 748 368 42 26
71 677 360 61 50
72 1727 357 36 46
73 696 324 29 33
74 552 317 37 23
75 731 307 33 35
76 764 307 30 22
77 542 294 29 26
78 1099 279 23 30
79 458 278 19 25
80 1059 273 37 32
81 253 233 30 32
82 11 173 30 29
83 1831 164 21 26
84 1622 157 44 40
85 720 131 33 44
86 1837 132 21 29
87 1769 101 39 57
88 1849 102 40 43
89 664 93 65 53
90 1834 94 25 39
91 1555 95 33 29
92 678 81 28 18
93 1617 78 30 26
94 1338 73 54 39
95 688 47 19 25
96 1750 39 33 40
97 682 19 36 22
98 1794 9 67 77
99 1924 10 12 37
100 679 1 21 23
101 1852 0 32 32
102 1356 0 37 19
