0 1253 1175 37 39
1 785 1164 33 32
2 1451 1161 30 49
3 1493 1161 25 35
4 1414 1153 35 32
5 722 1147 26 28
6 1404 1139 28 18
7 1426 1127 28 32
8 1403 1117 37 28
9 1434 1110 89 61
10 1485 1110 32 35
11 1658 1077 30 35
12 458 1071 33 33
13 1431 1042 29 32
14 1568 995 36 32
15 1069 985 61 47
16 1347 980 40 42
17 1330 974 29 23
18 1727 971 25 21
19 1353 958 21 32
20 1316 947 44 37
21 985 943 28 16
22 1492 937 44 39
23 972 901 36 46
24 1359 888 33 29
25 1531 874 39 50
26 1374 869 23 25
27 1434 858 25 23
28 1587 857 35 25
29 1570 830 40 33
30 1558 786 30 32
31 1581 783 39 29
32 1195 732 32 23
33 1676 647 33 35
34 1625 582 46 49
35 451 571 25 35
36 1678 553 43 40
37 1676 552 19 25
38 1661 544 21 23
39 1077 535 43 56
40 1080 498 30 21
41 1143 493 33 37
42 1769 494 30 25
43 891 485 22 22
44 1135 480 26 30
45 701 469 26 29
46 1752 463 39 43
47 1168 462 35 29
48 854 440 25 25
49 654 423 23 28
50 613 414 47 46
51 1669 403 36 37
52 633 405 25 25
53 592 394 25 25
54 614 393 21 22
55 1102 341 19 25
56 924 331 23 21
57 1823 326 28 23
58 945 309 23 26
59 912 302 39 30
60 514 271 22 28
61 370 264 29 28
62 357 219 26 30
63 1242 205 26 29
64 359 200 23 22
65 406 193 23 29
66 939 189 21 28
67 368 181 22 25
68 320 178 40 47
69 1537 176 23 23
70 1515 168 28 30
71 1890 166 35 30
72 1195 163 47 50
73 389 165 33 37
74 1884 155 25 21
75 1907 148 26 22
76 1563 148 23 25
77 324 141 39 47
78 275 138 43 50
79 1196 137 36 29
80 1385 130 30 40
81 1324 103 26 21
82 1277 84 36 50
83 1651 74 32 28
84 892 57 35 21
85 1917 51 18 32
86 1836 51 23 23
87 849 44 46 36
88 1317 44 23 23
89 1378 39 19 26
90 1857 25 39 39
91 1344 26 40 23
92 1886 16 39 61
93 1307 18 33 30
94 182 9 40 47
95 1909 0 21 33
96 226 0 44 32
