0 680 1194 42 21
1 305 1194 22 21
2 206 1187 22 26
3 474 1180 29 30
4 615 1176 29 33
5 381 1176 22 22
6 526 1138 51 42
7 634 1110 28 25
8 1804 1092 32 49
9 1637 1085 30 33
10 1912 1068 23 32
11 1377 1054 21 23
12 692 1048 72 53
13 1005 1052 23 21
14 149 1025 21 28
15 162 1015 23 26
16 1630 1001 30 25
17 191 999 29 32
18 1351 998 30 26
19 1771 991 37 50
20 1368 984 29 25
21 201 977 18 25
22 1573 969 37 30
23 1319 964 35 25
24 771 948 23 28
25 1278 933 65 49
26 699 920 21 36
27 440 921 23 26
28 1291 917 33 30
29 218 916 26 30
30 422 909 28 32
31 362 895 56 51
32 681 881 28 25
33 1813 869 23 33
34 722 862 46 42
35 1396 846 35 40
36 235 839 28 32
37 1036 834 40 32
38 330 830 43 50
39 128 829 33 42
40 279 825 26 30
41 253 825 30 28
42 1041 808 21 22
43 1493 788 29 32
44 1649 782 32 33
45 1161 776 42 49
46 62 750 29 35
47 1063 746 29 30
48 1041 743 29 37
49 246 745 33 19
50 908 735 56 75
51 1134 736 29 36
52 786 717 42 46
53 619 710 30 28
54 271 706 33 25
55 140 697 42 29
56 220 694 40 33
57 1192 679 47 35
58 828 678 39 40
59 162 676 29 25
60 242 669 51 51
61 378 664 42 58
62 277 663 33 35
63 1 660 32 28
64 1049 655 22 21
65 647 652 33 30
66 423 652 47 33
67 1257 649 36 37
68 952 650 25 23
69 720 632 33 42
70 374 623 35 26
71 669 620 39 28
72 1892 613 42 30
73 1497 606 21 21
74 460 601 21 25
75 1510 593 23 29
76 1561 591 49 37
77 1569 574 29 29
78 613 574 29 19
79 648 568 22 25
80 1841 567 30 28
81 340 556 42 54
82 1000 552 26 28
83 224 544 42 46
84 340 529 40 32
85 810 525 28 28
86 1919 518 16 37
87 628 517 39 47
88 1727 515 37 25
89 324 514 22 26
90 1708 507 28 36
91 1521 505 30 33
92 435 502 33 36
93 542 496 46 36
94 795 491 30 28
95 1729 489 35 33
96 875 487 23 23
97 106 483 28 39
98 1845 477 53 68
99 1414 482 26 19
100 609 477 43 40
101 1215 466 33 40
102 345 460 56 49
103 631 461 33 35
104 1020 453 47 56
105 386 448 77 39
106 63 450 29 25
107 610 449 32 25
108 512 439 25 28
109 1673 432 36 43
110 1515 435 30 25
111 983 434 50 26
112 626 428 37 40
113 410 426 35 25
114 1059 425 25 28
115 1866 422 26 29
116 770 414 29 28
117 182 406 21 25
118 1068 404 22 22
119 0 397 42 58
120 1496 399 35 40
121 670 400 35 33
122 987 399 36 26
123 454 397 42 42
124 857 395 25 19
125 724 383 33 29
126 190 374 26 35
127 264 370 42 44
128 1592 368 36 51
129 1117 371 28 28
130 1819 341 33 29
131 1114 340 25 35
132 912 332 32 29
133 1156 330 28 29
134 1024 331 39 22
135 972 310 32 28
136 1359 299 32 28
137 1192 293 28 29
138 437 292 29 25
139 1758 288 40 42
140 0 281 33 25
141 1098 278 39 36
142 1253 269 86 33
143 1191 270 25 23
144 1219 262 37 32
145 1355 254 51 33
146 1286 254 21 28
147 1241 254 26 22
148 1206 251 26 29
149 1233 241 22 21
150 1259 235 35 33
151 1293 235 37 23
152 769 233 29 26
153 1249 228 22 23
154 1452 226 33 29
155 969 225 33 26
156 748 221 28 39
157 1177 217 21 43
158 1263 212 39 30
159 1223 212 19 26
160 1196 206 32 40
161 1238 203 26 25
162 704 192 26 26
163 1192 181 33 37
164 1717 176 22 23
165 569 161 44 51
166 1513 141 23 26
167 1489 134 28 22
168 1710 120 36 64
169 1511 122 26 23
170 1052 122 30 23
171 866 121 32 33
172 1384 95 28 35
173 677 94 51 42
174 1126 94 29 33
175 1857 83 35 32
176 898 74 26 32
177 752 74 23 32
178 1501 50 32 40
179 733 30 33 23
180 1705 23 44 39
181 1602 24 25 30
182 713 23 25 22
183 1460 15 23 22
184 493 9 28 28
185 1610 5 29 29
186 1344 4 23 21
187 1004 0 33 36
