0 1529 1201 37 14
1 690 1195 33 20
2 1403 1193 25 22
3 1772 1188 33 27
4 1509 1175 26 29
5 671 1175 35 29
6 1918 1173 18 33
7 1857 1165 33 35
8 149 1160 39 54
9 954 1161 36 33
10 905 1159 23 26
11 1001 1156 35 23
12 1588 1148 30 30
13 241 1141 26 26
14 145 1137 25 25
15 937 1134 33 33
16 297 1133 22 29
17 1643 1126 23 30
18 1664 1122 21 23
19 291 1113 30 26
20 1584 1101 33 32
21 741 1100 30 39
22 1666 1096 29 32
23 1629 1089 49 39
24 1671 1075 36 25
25 156 1071 32 40
26 0 1064 33 42
27 1694 1054 47 54
28 1805 1057 33 26
29 1383 1054 40 44
30 1461 1034 23 36
31 297 1033 33 36
32 1818 1026 32 37
33 312 1017 26 22
34 671 1017 23 21
35 1396 1011 36 26
36 31 1004 28 30
37 125 1004 28 25
38 1818 990 26 33
39 1838 985 29 57
40 1576 979 35 40
41 1450 975 29 33
42 1866 968 32 37
43 1020 947 22 29
44 329 936 26 26
45 1514 925 25 37
46 657 928 28 18
47 1436 924 26 36
48 1668 921 18 25
49 1722 918 32 29
50 410 912 36 32
51 559 901 16 25
52 579 898 23 29
53 994 887 29 33
54 543 883 22 22
55 676 862 26 30
56 561 854 44 61
57 431 852 37 32
58 227 841 53 42
59 272 838 36 22
60 1413 834 23 26
61 628 830 65 53
62 1431 828 25 36
63 1453 826 32 33
64 388 827 29 21
65 417 821 28 26
66 75 815 39 68
67 618 818 35 35
68 279 818 32 23
69 106 811 32 44
70 595 810 37 26
71 406 807 22 25
72 375 802 35 29
73 0 797 86 56
74 1505 799 25 35
75 1352 795 32 37
76 301 792 29 32
77 113 774 23 21
78 1309 760 37 37
79 1294 760 26 26
80 1785 755 21 32
81 1227 757 25 16
82 639 746 29 28
83 135 741 19 25
84 97 740 37 33
85 99 694 54 54
86 68 692 35 40
87 150 688 28 25
88 119 678 29 25
89 1032 641 36 42
90 1214 636 28 23
91 1087 602 28 25
92 1069 591 33 26
93 0 560 19 23
94 1651 555 43 29
95 1379 539 50 46
96 753 522 26 21
97 1709 514 30 39
98 1075 498 22 21
99 1565 486 29 29
100 884 482 43 54
101 1915 480 20 29
102 1765 478 32 32
103 1604 478 25 29
104 734 470 43 39
105 1675 454 58 51
106 710 456 32 25
107 1403 451 33 33
108 1888 445 21 19
109 1670 444 32 25
110 127 441 25 35
111 1013 439 29 18
112 829 436 49 35
113 780 432 30 30
114 790 418 61 92
115 690 425 79 40
116 0 417 15 36
117 1794 417 32 32
118 1671 408 29 37
119 1485 402 28 23
120 711 400 86 42
121 1693 397 32 26
122 1309 384 32 33
123 415 379 26 44
124 388 378 25 21
125 1195 369 33 19
126 1465 353 36 37
127 881 348 21 26
128 1107 346 26 25
129 1841 343 23 22
130 41 342 26 22
131 1066 330 77 81
132 1600 325 57 32
133 72 325 57 35
134 1838 316 98 77
135 64 322 21 29
136 758 320 26 37
137 581 308 42 36
138 1534 303 23 26
139 54 302 22 29
140 967 299 75 39
141 1130 299 32 33
142 394 291 63 46
143 76 289 42 46
144 965 281 26 23
145 975 276 99 49
146 289 278 36 33
147 1351 277 23 30
148 1325 276 37 39
149 0 263 57 100
150 935 261 57 22
151 1339 258 35 28
152 371 251 47 44
153 1450 237 26 43
154 111 234 42 35
155 365 234 30 25
156 388 231 47 42
157 890 228 57 43
158 585 215 30 36
159 1649 213 36 39
160 89 180 32 44
161 395 153 37 30
162 850 146 32 21
163 1220 110 36 54
164 136 87 36 36
165 42 81 57 68
166 1667 86 25 23
167 1147 86 26 28
168 1482 76 37 49
169 1218 77 23 25
170 69 75 42 39
171 1255 73 25 28
172 1173 74 23 19
173 1152 71 25 23
174 1190 66 32 23
175 877 53 30 39
176 1264 52 22 23
177 1212 41 18 25
178 1155 33 35 33
179 1222 23 50 71
180 177 17 28 29
181 1182 16 25 26
182 582 6 28 16
183 1608 0 32 23
184 1245 0 26 23
185 600 0 25 23
