0 1695 1199 43 16
1 1758 1189 39 26
2 1844 1188 47 27
3 1647 1180 32 32
4 1892 1172 40 43
5 222 1175 23 22
6 406 1173 26 22
7 1521 1167 32 39
8 1832 1154 39 32
9 1664 1151 30 28
10 399 1149 56 35
11 373 1141 49 26
12 1871 1136 63 54
13 1706 1135 28 32
14 1768 1107 78 57
15 1686 1108 40 40
16 1849 1106 37 36
17 1747 1103 42 49
18 956 1102 32 36
19 137 1100 32 39
20 662 1097 50 43
21 493 1092 47 37
22 1882 1088 32 25
23 173 1083 23 30
24 356 1075 28 26
25 1852 1071 42 46
26 203 1070 18 37
27 475 1038 36 32
28 400 1029 30 28
29 1854 1021 40 40
30 474 1021 28 23
31 129 1018 33 33
32 936 1009 36 46
33 458 1011 22 23
34 1430 1010 25 26
35 636 1006 39 50
36 1888 1000 48 53
37 470 996 32 29
38 439 997 23 25
39 931 978 23 29
40 473 978 26 23
41 1778 976 28 25
42 445 974 35 39
43 1105 947 36 32
44 150 930 29 32
45 1873 924 35 29
46 1014 918 39 46
47 213 916 39 46
48 1132 911 33 28
49 705 906 65 53
50 1913 883 22 22
51 1463 869 18 26
52 636 859 29 36
53 853 860 25 23
54 1322 853 26 28
55 1467 850 37 25
56 1297 838 28 36
57 864 836 16 29
58 1196 835 22 25
59 804 831 29 25
60 824 824 35 54
61 1383 814 23 53
62 1305 812 21 26
63 236 803 39 37
64 1384 795 81 91
65 1332 793 56 75
66 1467 798 25 19
67 537 790 23 23
68 1308 779 35 43
69 1390 769 36 33
70 1383 751 32 28
71 1491 745 25 25
72 1367 745 21 26
73 1705 738 23 22
74 712 732 43 44
75 1500 716 40 43
76 1533 712 28 26
77 0 704 30 36
78 1558 694 32 30
79 1742 655 35 26
80 703 654 22 26
81 1246 637 25 22
82 1768 629 30 33
83 672 615 49 37
84 938 601 22 18
85 15 577 33 37
86 248 574 58 50
87 1498 569 30 33
88 918 556 29 36
89 1227 546 39 39
90 1919 541 16 25
91 61 526 26 43
92 1069 519 89 53
93 689 514 37 36
94 1059 507 33 32
95 365 491 47 36
96 1059 488 29 25
97 1075 480 121 53
98 1137 473 26 26
99 109 470 35 43
100 37 469 22 46
101 516 468 33 44
102 692 464 43 61
103 158 463 25 30
104 647 439 35 33
105 1059 430 30 65
106 1074 421 99 65
107 1520 421 35 28
108 1906 414 29 33
109 976 405 26 36
110 396 387 33 47
111 516 379 35 40
112 582 366 26 33
113 1040 364 29 22
114 1055 340 29 33
115 1869 337 37 46
116 1013 339 50 33
117 1835 325 54 57
118 1437 320 49 51
119 1364 321 50 42
120 289 321 43 36
121 1893 317 39 60
122 1859 304 21 32
123 1057 299 28 30
124 1867 295 29 25
125 995 294 23 22
126 1247 288 23 26
127 975 284 25 26
128 1810 281 40 39
129 1674 283 30 25
130 1110 279 26 23
131 927 279 22 23
132 1015 273 28 26
133 1261 263 49 58
134 1417 239 33 29
135 407 232 25 25
136 428 231 29 25
137 0 225 21 39
138 907 221 30 26
139 100 213 50 37
140 138 203 30 23
141 1290 201 26 21
142 1526 175 30 21
143 504 160 22 22
144 1502 154 33 53
145 1413 146 32 30
146 1430 132 26 26
147 276 130 26 25
148 554 127 30 30
149 489 126 29 30
150 510 126 47 26
151 1785 119 43 28
152 582 115 43 42
153 1643 115 16 32
154 871 113 42 39
155 940 109 53 51
156 616 113 29 28
157 908 110 33 28
158 237 98 22 22
159 46 86 63 74
160 451 74 56 78
161 544 73 36 29
162 354 72 22 33
163 861 68 25 28
164 597 63 39 49
165 891 56 21 23
166 438 49 40 43
167 151 49 28 23
168 107 34 53 57
169 1510 30 50 50
170 936 31 40 40
171 538 31 33 33
172 585 26 30 39
173 1081 20 40 36
174 495 11 43 36
175 1534 10 26 29
176 1130 10 23 33
177 609 10 19 35
178 268 5 29 35
179 358 0 28 25
180 1544 0 96 63
181 437 0 37 30
