0 463 1201 42 14
1 1505 1195 29 20
2 306 1190 23 18
3 32 1188 25 27
4 97 1184 26 29
5 636 1171 29 30
6 894 1156 53 32
7 1163 1148 35 28
8 465 1144 36 43
9 1191 1140 36 39
10 634 1142 23 23
11 537 1132 33 37
12 402 1110 47 43
13 552 1105 35 43
14 1290 1098 43 47
15 611 1096 28 25
16 1761 1094 25 23
17 1504 1093 36 33
18 1700 1093 23 22
19 1220 1089 25 23
20 327 1089 25 26
21 629 1087 33 28
22 476 1087 29 25
23 556 1079 35 37
24 647 1070 21 22
25 484 1057 57 61
26 1750 1050 44 44
27 631 1052 28 25
28 1435 1043 26 35
29 608 1043 32 32
30 675 1039 26 36
31 1522 1031 84 49
32 572 1023 44 50
33 869 1025 37 29
34 472 1019 35 33
35 537 1006 43 46
36 519 1003 22 22
37 188 990 54 86
38 886 994 35 37
39 1792 973 28 23
40 880 973 21 25
41 1473 968 23 25
42 1650 967 22 21
43 819 949 63 123
44 199 960 51 44
45 1543 956 35 37
46 650 953 40 42
47 929 941 43 91
48 859 948 21 23
49 316 946 29 30
50 857 919 26 23
51 649 905 53 47
52 0 871 36 26
53 941 857 22 25
54 1872 849 61 72
55 1544 853 23 22
56 946 843 29 28
57 1550 836 25 19
58 1530 834 22 35
59 693 818 25 23
60 668 808 32 46
61 809 802 46 43
62 692 797 21 25
63 663 785 29 29
64 1518 765 56 39
65 1064 766 40 26
66 1692 759 25 22
67 705 751 46 51
68 1056 729 46 51
69 112 717 56 58
70 0 721 22 26
71 128 713 28 19
72 1183 707 16 30
73 1149 706 26 25
74 167 690 32 33
75 358 684 35 40
76 1168 677 37 36
77 563 678 26 25
78 1134 676 23 29
79 1194 668 33 37
80 584 670 28 21
81 1140 646 35 46
82 182 641 26 28
83 126 639 25 23
84 79 601 22 22
85 952 589 53 47
86 115 561 19 43
87 1459 547 42 36
88 1830 533 35 33
89 1321 528 43 46
90 1762 528 39 33
91 1689 520 29 33
92 156 481 29 21
93 56 476 25 39
94 391 454 36 23
95 691 443 28 33
96 377 440 29 25
97 307 435 50 46
98 238 433 46 53
99 0 437 19 25
100 385 413 22 30
101 1592 376 81 109
102 1599 379 33 30
103 382 364 79 77
104 396 370 33 26
105 130 356 16 30
106 230 355 26 29
107 325 351 37 29
108 697 350 29 22
109 640 340 49 42
110 1404 336 51 40
111 1447 331 22 29
112 683 329 35 32
113 1464 329 28 28
114 1364 302 82 46
115 1653 283 37 43
116 1402 280 75 51
117 1154 267 32 33
118 131 267 26 21
119 1731 256 40 26
120 628 242 15 35
121 1628 239 21 25
122 1153 236 32 25
123 1786 230 25 22
124 400 199 30 30
125 1804 181 50 32
126 1786 180 23 33
127 1746 176 36 37
128 1724 173 16 26
129 1581 167 28 26
130 1564 162 26 35
131 1730 157 23 25
132 1782 154 23 23
133 1826 147 30 26
134 1633 140 26 30
135 1585 138 40 43
136 1792 134 30 32
137 0 111 29 36
138 1845 101 30 36
139 1629 72 26 44
140 1483 53 19 28
141 42 46 42 46
142 1806 30 23 29
143 824 27 35 25
144 1497 20 25 30
145 1387 19 36 37
146 61 20 30 35
147 102 15 28 28
148 1202 13 30 30
149 836 9 22 26
150 275 6 32 28
151 809 0 22 30
152 1286 0 29 22
