0 1427 1193 54 22
1 830 1191 29 23
2 70 1182 28 33
3 98 1180 53 36
4 0 1180 51 36
5 1580 1174 33 32
6 1611 1162 28 46
7 1247 1159 37 26
8 1112 1147 22 33
9 12 1145 37 43
10 1053 1140 60 54
11 1004 1135 21 19
12 179 1129 43 29
13 269 1126 26 25
14 1755 1125 22 23
15 214 1114 43 43
16 1226 1116 32 22
17 1296 1109 29 43
18 1345 1109 33 37
19 1032 1105 29 33
20 958 1105 57 33
21 80 1100 39 39
22 281 1098 42 37
23 1057 1090 29 29
24 144 1089 47 39
25 1354 1087 49 49
26 38 1090 21 28
27 1038 1076 29 30
28 725 1075 42 33
29 684 1060 28 30
30 782 1055 29 30
31 185 1053 22 35
32 124 1052 39 40
33 942 1035 28 23
34 804 1030 30 23
35 1259 1029 28 25
36 0 1024 18 30
37 170 1023 28 23
38 51 1018 37 51
39 1664 1018 40 37
40 82 1019 51 33
41 1298 1005 28 25
42 25 1000 33 36
43 1579 991 19 29
44 267 988 25 37
45 760 988 29 35
46 801 982 70 63
47 1562 980 21 29
48 111 977 39 49
49 155 979 21 21
50 887 973 47 35
51 825 964 37 35
52 965 949 37 33
53 11 947 32 26
54 98 936 33 36
55 825 926 36 26
56 192 923 46 28
57 1574 915 49 30
58 1695 904 37 39
59 1017 898 51 44
60 803 898 26 29
61 675 896 28 30
62 118 891 53 51
63 1569 892 47 22
64 395 889 29 26
65 425 882 26 36
66 533 875 42 36
67 801 866 56 63
68 1846 869 36 33
69 366 868 43 28
70 430 867 26 22
71 897 864 33 29
72 1290 855 35 40
73 1696 855 35 30
74 264 850 32 40
75 919 848 33 30
76 445 849 29 25
77 1539 848 33 26
78 874 842 35 32
79 669 830 37 72
80 407 834 36 37
81 176 832 39 46
82 662 832 25 32
83 1894 825 42 30
84 691 821 28 36
85 1607 820 35 29
86 1256 812 28 29
87 1462 809 30 43
88 1383 811 30 30
89 1576 806 18 28
90 503 805 28 35
91 994 803 30 32
92 393 803 32 32
93 436 798 47 61
94 771 791 42 44
95 1376 787 30 30
96 514 787 30 26
97 579 784 33 42
98 1760 778 30 30
99 1554 763 46 53
100 491 761 47 64
101 767 743 30 26
102 1612 728 46 37
103 427 727 28 29
104 85 722 42 36
105 834 714 39 35
106 1525 713 33 29
107 626 698 40 36
108 1597 696 49 30
109 1205 693 29 37
110 1665 694 22 23
111 504 691 35 46
112 799 693 23 21
113 823 687 26 30
114 1 682 36 29
115 844 670 37 37
116 43 669 42 42
117 1401 666 26 25
118 819 665 25 30
119 835 660 23 18
120 1776 636 37 23
121 1681 634 44 36
122 20 636 26 23
123 1887 634 21 29
124 1842 622 25 26
125 1867 621 26 26
126 1894 614 22 25
127 47 605 29 26
128 258 600 30 29
129 1724 591 35 47
130 1633 593 86 22
131 1817 584 44 40
132 42 585 23 25
133 1581 581 28 28
134 1745 571 42 43
135 987 571 26 18
136 1594 564 25 22
137 401 564 22 21
138 44 558 25 32
139 1806 553 43 33
140 156 553 33 33
141 965 542 28 26
142 1383 528 40 19
143 1003 526 37 32
144 1168 514 23 29
145 733 508 50 40
146 1625 506 25 19
147 1353 504 36 26
148 1016 495 25 26
149 1001 494 19 23
150 766 482 51 56
151 954 467 61 81
152 916 473 33 37
153 1916 468 19 28
154 693 464 37 33
155 0 457 42 28
156 1286 450 39 44
157 1892 427 32 49
158 1837 431 23 21
159 1254 418 77 39
160 1484 414 35 36
161 0 413 32 37
162 46 413 30 29
163 158 407 46 50
164 129 407 40 30
165 754 392 22 22
166 968 374 23 43
167 1338 369 21 23
168 426 358 47 46
169 229 357 39 25
170 914 354 32 30
171 135 349 26 28
172 1295 335 44 53
173 830 331 33 33
174 201 321 44 50
175 1323 304 36 74
176 205 309 19 25
177 1253 294 32 33
178 12 287 39 46
179 184 281 37 47
180 1924 276 12 57
181 1422 269 49 49
182 1578 263 25 19
183 1535 261 21 25
184 1484 244 25 44
185 1405 244 19 30
186 1590 240 29 25
187 186 220 28 29
188 1578 208 86 57
189 1539 211 32 29
190 1827 202 22 19
191 141 198 33 28
192 168 198 32 18
193 193 189 32 42
194 1595 189 23 25
195 732 187 23 28
196 1659 185 40 32
197 783 186 22 21
198 1476 182 46 37
199 804 181 26 22
200 590 171 19 25
201 774 167 21 22
202 893 159 30 32
203 745 158 28 19
204 1302 146 50 86
205 0 143 29 47
206 805 140 28 26
207 730 140 26 28
208 29 137 30 32
209 1394 134 28 30
210 1311 132 28 23
211 1342 128 28 26
212 626 119 54 32
213 1587 117 26 40
214 1315 112 25 26
215 1008 108 25 22
216 406 103 39 21
217 975 90 29 32
218 998 89 22 23
219 1454 84 32 42
220 695 83 49 39
221 438 84 25 29
222 830 77 72 77
223 1031 81 29 30
224 1724 79 30 29
225 529 76 32 18
226 325 69 40 53
227 982 70 51 29
228 393 69 22 26
229 1662 66 43 26
230 1056 61 30 32
231 643 56 36 30
232 445 51 30 39
233 1154 47 26 32
234 624 39 23 30
235 1134 29 32 23
236 647 26 26 23
237 398 23 26 40
238 1571 14 40 32
239 951 0 37 40
240 1349 0 46 40
241 308 0 21 22
