0 1308 1198 32 18
1 1019 1198 32 18
2 1044 1196 36 20
3 1397 1193 28 22
4 860 1192 33 24
5 1861 1187 28 21
6 1590 1183 29 32
7 1563 1178 19 28
8 881 1176 30 32
9 831 1175 28 33
10 920 1170 39 40
11 130 1172 23 21
12 595 1165 30 49
13 796 1151 22 43
14 1471 1150 37 33
15 203 1146 33 42
16 612 1141 30 29
17 337 1135 23 37
18 760 1135 25 28
19 1571 1124 42 37
20 1176 1117 40 37
21 189 1116 39 33
22 1247 1113 43 46
23 1284 1110 22 29
24 1535 1109 29 29
25 415 1105 30 30
26 413 1097 18 26
27 1252 1090 39 33
28 41 1086 40 35
29 522 1085 28 30
30 161 1082 23 26
31 1285 1069 32 32
32 820 1070 28 22
33 1594 1068 29 23
34 366 1063 37 44
35 789 1060 28 26
36 674 1052 25 19
37 1607 1044 35 28
38 1469 1040 23 29
39 1445 1039 29 26
40 1732 1032 25 23
41 221 1027 29 37
42 169 1024 35 28
43 1899 1005 26 30
44 1847 995 28 28
45 1776 993 70 30
46 1113 991 36 44
47 1479 980 37 43
48 1911 973 25 25
49 1360 965 26 25
50 1796 963 39 32
51 319 961 36 42
52 1473 945 22 25
53 264 942 30 37
54 1795 939 23 28
55 840 915 42 28
56 930 911 26 33
57 1055 907 35 44
58 1114 898 28 28
59 1090 875 46 39
60 1901 877 21 21
61 1411 876 21 21
62 963 869 29 42
63 1087 865 21 25
64 1064 861 25 25
65 1589 856 46 47
66 1637 856 30 21
67 1315 852 22 22
68 1035 851 30 32
69 1705 815 35 29
70 1265 815 26 25
71 1884 810 30 30
72 1912 798 23 28
73 873 785 37 43
74 1112 780 25 22
75 1144 774 25 28
76 1441 762 33 50
77 1463 760 29 29
78 1718 757 33 36
79 1142 749 28 25
80 1176 744 32 32
81 1099 739 49 63
82 1565 737 37 39
83 1120 715 32 35
84 718 714 32 32
85 848 700 37 56
86 1147 692 19 23
87 1493 686 40 37
88 594 687 25 19
89 1142 672 26 22
90 1338 661 37 29
91 1214 648 32 43
92 1695 648 29 21
93 305 639 37 60
94 353 636 29 57
95 698 638 25 29
96 1900 604 35 29
97 515 599 28 30
98 823 594 39 30
99 1650 588 26 35
100 1637 572 32 26
101 544 565 33 23
102 495 552 23 26
103 524 548 25 28
104 996 542 21 28
105 509 531 25 32
106 1278 504 29 28
107 1424 492 79 39
108 522 483 32 30
109 273 480 22 28
110 478 475 29 36
111 298 458 35 35
112 1166 451 33 39
113 215 447 32 28
114 1447 440 28 32
115 38 433 30 43
116 340 421 50 42
117 1459 415 40 36
118 305 403 49 57
119 1401 404 46 36
120 62 393 36 32
121 632 389 60 54
122 983 385 47 50
123 1414 379 54 36
124 1735 373 36 32
125 1692 362 23 26
126 386 354 40 33
127 1898 353 35 28
128 1137 345 25 23
129 506 341 40 46
130 1472 339 36 49
131 1682 336 26 30
132 1922 323 13 30
133 19 313 21 23
134 1901 309 25 39
135 1877 284 25 28
136 726 265 32 32
137 380 261 25 37
138 1092 260 30 28
139 95 247 21 23
140 1105 236 40 89
141 69 232 35 47
142 1809 170 46 60
143 325 169 32 29
144 903 165 44 36
145 587 161 43 47
146 1777 148 51 39
147 882 132 29 28
148 455 129 44 37
149 576 104 21 26
150 811 97 37 30
151 480 94 36 28
152 1463 85 35 46
153 561 83 26 32
154 682 74 33 43
155 889 67 39 49
156 874 59 21 30
157 483 58 25 26
158 858 22 28 29
159 878 8 37 37
160 836 8 30 26
161 515 0 26 23
162 174 0 37 25
