0 289 1193 19 22
1 351 1186 33 29
2 304 1170 29 22
3 685 1168 32 30
4 462 1167 23 28
5 1905 1165 28 32
6 336 1165 23 29
7 421 1164 26 23
8 376 1160 30 44
9 440 1153 30 22
10 1117 1143 39 42
11 1383 1136 35 33
12 318 1137 25 28
13 354 1135 67 33
14 1814 1132 29 22
15 407 1126 23 29
16 788 1126 32 25
17 809 1124 25 26
18 748 1121 35 32
19 447 1119 25 29
20 1843 1118 29 29
21 1639 1108 22 26
22 1610 1108 30 28
23 411 1106 28 33
24 376 1102 16 36
25 323 1102 28 36
26 761 1103 19 25
27 1845 1095 35 25
28 762 1088 74 60
29 125 1090 46 29
30 339 1076 47 78
31 755 1083 22 22
32 1457 1082 25 25
33 779 1077 32 22
34 358 1071 95 44
35 742 1067 47 25
36 836 1064 44 36
37 755 1056 32 18
38 1158 1023 40 36
39 1354 1022 33 26
40 1879 1021 30 28
41 397 1020 33 33
42 1598 1007 32 46
43 1151 1010 19 26
44 1918 996 18 29
45 1884 989 42 40
46 1867 976 25 30
47 1107 970 36 36
48 1648 964 33 30
49 1221 962 44 28
50 1878 957 57 51
51 489 941 75 61
52 1225 943 18 28
53 1579 941 28 29
54 619 938 33 32
55 1905 929 31 40
56 1556 931 26 25
57 1618 920 44 35
58 1176 915 40 39
59 1393 911 19 29
60 1211 906 26 36
61 1188 904 26 28
62 1173 894 19 29
63 338 894 35 35
64 272 892 42 39
65 1850 886 32 29
66 1887 878 40 40
67 92 876 21 32
68 567 874 37 32
69 1168 874 23 25
70 1686 867 33 32
71 1069 861 37 61
72 1012 863 29 25
73 264 863 21 21
74 1597 857 56 40
75 979 846 23 33
76 1031 844 29 26
77 998 844 26 25
78 1203 841 36 28
79 1819 838 28 26
80 664 836 29 30
81 500 836 30 28
82 1602 821 25 39
83 408 819 37 30
84 1149 816 35 32
85 1525 811 25 26
86 795 810 26 26
87 1498 808 32 28
88 1624 804 46 44
89 1014 801 28 29
90 696 801 39 29
91 1763 797 35 39
92 1507 789 36 26
93 1708 771 61 37
94 1027 769 43 33
95 1756 765 40 46
96 168 764 36 33
97 465 746 36 39
98 1590 720 30 44
99 19 715 30 30
100 1794 699 26 25
101 1638 666 40 29
102 465 650 36 33
103 1555 627 37 39
104 951 623 35 46
105 470 620 49 40
106 1915 621 21 26
107 129 611 42 40
108 439 593 28 22
109 1907 590 28 33
110 1225 591 26 25
111 1123 582 29 30
112 1147 573 19 28
113 1261 567 53 29
114 1242 560 28 29
115 1209 557 30 30
116 1474 556 29 23
117 1155 544 39 37
118 918 545 33 29
119 1732 536 22 44
120 524 539 19 28
121 13 511 36 33
122 772 486 25 33
123 1856 484 19 23
124 878 480 28 25
125 1167 465 40 30
126 638 458 23 22
127 983 447 37 40
128 1012 445 29 28
129 1038 442 26 28
130 1054 428 33 46
131 1139 429 25 26
132 1159 423 21 23
133 467 405 30 32
134 600 394 23 37
135 2 382 21 25
136 714 380 22 23
137 1574 362 25 25
138 614 346 28 33
139 1526 342 32 29
140 1593 338 35 36
141 271 332 46 51
142 1566 333 22 23
143 1653 325 30 46
144 1626 317 21 26
145 829 314 36 35
146 1521 312 22 32
147 1308 311 40 36
148 1492 301 21 26
149 108 300 25 26
150 1471 296 25 28
151 1525 291 47 32
152 133 277 75 67
153 1526 278 28 22
154 1590 271 68 61
155 608 268 25 23
156 626 265 23 23
157 1705 260 33 33
158 327 250 29 40
159 1655 234 26 25
160 1210 226 43 35
161 730 201 29 29
162 1748 196 43 35
163 1134 191 42 36
164 388 193 26 21
165 552 189 23 22
166 534 189 21 26
167 562 181 42 60
168 428 180 32 30
169 1810 178 57 39
170 1853 175 19 29
171 539 176 22 19
172 398 167 28 26
173 3 162 28 22
174 1823 153 50 42
175 121 151 30 29
176 544 146 21 28
177 388 143 23 29
178 105 140 25 21
179 519 138 23 28
180 420 135 29 29
181 986 131 40 28
182 117 131 29 26
183 1527 117 29 32
184 1550 115 29 23
185 133 115 25 28
186 1700 110 36 42
187 1831 104 30 36
188 1753 93 36 40
189 1003 92 33 30
190 125 86 29 28
191 949 84 51 30
192 591 73 42 37
193 618 56 25 32
194 1398 46 25 26
195 1583 43 25 22
196 653 37 29 26
197 638 9 37 46
198 643 0 26 23
199 472 0 36 35
200 1761 0 26 22
