0 1246 1199 50 16
1 1151 1188 23 27
2 1310 1183 44 32
3 1814 1180 39 35
4 766 1170 25 22
5 1910 1164 25 51
6 1220 1166 23 26
7 1155 1165 28 25
8 711 1146 35 29
9 630 1140 35 32
10 1273 1120 33 56
11 1415 1106 39 30
12 367 1094 28 30
13 1410 1085 74 42
14 0 1076 19 43
15 650 1078 23 19
16 1442 1067 36 28
17 697 1033 43 44
18 306 1014 25 25
19 673 999 50 40
20 739 988 47 44
21 1228 979 42 42
22 650 981 19 28
23 1410 952 32 30
24 665 953 36 22
25 1135 910 37 25
26 477 898 40 46
27 510 897 25 33
28 484 879 33 29
29 1362 873 39 57
30 1755 867 25 23
31 889 861 51 51
32 47 855 35 47
33 1737 855 26 26
34 1771 852 23 28
35 1517 842 36 42
36 162 841 36 35
37 1007 839 40 26
38 1569 823 43 32
39 0 822 19 32
40 1418 820 54 33
41 561 818 36 23
42 1063 809 51 39
43 945 797 39 35
44 1315 791 26 21
45 821 790 23 22
46 119 788 51 42
47 1630 785 35 28
48 1081 784 33 32
49 1061 782 29 32
50 443 778 35 33
51 67 747 23 19
52 1023 738 67 57
53 735 741 25 28
54 615 739 39 26
55 1065 734 29 29
56 468 714 28 25
57 635 712 18 32
58 604 709 36 44
59 1611 689 37 47
60 1322 682 37 47
61 599 680 61 42
62 1505 679 30 35
63 1351 676 35 50
64 637 673 32 29
65 680 645 35 25
66 514 617 43 28
67 930 585 21 23
68 523 581 49 40
69 640 576 46 40
70 591 562 49 56
71 688 557 21 23
72 622 556 21 25
73 428 554 29 39
74 439 550 29 32
75 65 548 21 30
76 739 548 26 26
77 1916 541 20 22
78 579 542 23 21
79 1597 540 21 21
80 480 534 29 30
81 672 533 21 23
82 640 530 54 44
83 686 526 37 37
84 142 525 32 36
85 1532 526 29 26
86 599 509 32 50
87 0 503 26 32
88 1743 458 32 19
89 1008 449 28 21
90 436 447 32 26
91 64 393 37 57
92 1497 392 42 49
93 1774 378 32 37
94 1739 362 25 32
95 701 354 28 22
96 1703 350 30 19
97 1531 338 25 26
98 1818 334 26 32
99 1099 327 42 44
100 1294 324 25 32
101 1765 312 25 35
102 1150 303 35 36
103 472 293 25 23
104 1423 291 28 25
105 1852 287 26 28
106 1910 283 26 46
107 1256 281 37 39
108 1904 258 31 50
109 1623 251 47 33
110 1861 240 58 51
111 1784 240 22 21
112 789 239 51 22
113 1666 233 36 63
114 1903 219 25 33
115 1175 219 28 26
116 634 207 26 25
117 1861 205 30 26
118 1466 193 36 40
119 1731 188 19 36
120 1336 173 42 29
121 1155 155 35 42
122 171 137 36 42
123 667 137 30 29
124 1575 133 51 36
125 1325 132 33 43
126 1869 127 23 25
127 1231 123 35 36
128 536 119 33 16
129 1555 106 25 25
130 900 94 25 29
131 656 49 42 42
132 580 42 28 29
133 1651 31 33 32
134 746 23 26 26
135 1172 21 22 32
136 628 11 35 39
137 1247 0 42 32
