0 1031 1198 30 18
1 751 1188 46 27
2 1052 1179 28 33
3 170 1174 36 42
4 1674 1173 21 25
5 1441 1152 28 30
6 1651 1150 23 29
7 1626 1144 28 30
8 888 1131 37 33
9 383 1098 36 32
10 844 1091 30 44
11 1025 1082 21 26
12 1920 1063 15 44
13 92 1052 30 35
14 539 1043 32 28
15 1884 1037 28 26
16 1469 1037 25 25
17 654 1022 37 22
18 355 1019 29 33
19 476 1006 30 33
20 711 999 29 39
21 1159 988 32 35
22 1407 984 29 29
23 429 969 50 43
24 1427 952 32 50
25 1873 950 32 28
26 1756 951 23 21
27 1606 944 51 58
28 419 931 33 56
29 399 921 39 30
30 812 915 36 35
31 429 910 26 29
32 1572 902 18 23
33 785 888 36 28
34 1898 877 37 53
35 1083 870 35 33
36 381 858 40 30
37 1891 834 26 23
38 780 831 28 25
39 914 814 23 22
40 996 809 29 30
41 1881 809 23 25
42 1376 808 23 25
43 951 804 25 29
44 1855 803 28 29
45 931 792 26 29
46 984 786 22 22
47 893 784 30 23
48 833 775 30 22
49 999 770 36 23
50 903 765 21 21
51 1144 759 26 18
52 1327 750 36 43
53 1098 753 30 22
54 787 742 68 102
55 1121 748 28 30
56 1135 739 36 23
57 919 724 33 28
58 58 722 28 40
59 1010 719 25 25
60 376 718 21 21
61 1313 712 29 25
62 1032 704 35 37
63 1503 700 46 47
64 311 700 28 26
65 1544 695 32 32
66 904 695 26 29
67 881 696 19 28
68 942 687 28 18
69 1509 685 30 26
70 889 679 26 30
71 922 679 25 23
72 1088 679 23 21
73 1066 675 28 26
74 1550 671 36 35
75 1447 666 22 22
76 896 666 29 18
77 966 659 50 57
78 238 644 84 86
79 1566 639 33 32
80 1886 638 29 19
81 1004 626 22 23
82 241 619 89 60
83 1107 618 29 33
84 103 598 35 39
85 1151 596 37 32
86 1122 597 33 21
87 1196 591 30 30
88 217 592 21 22
89 1847 586 36 28
90 1172 578 36 36
91 187 567 30 37
92 1145 563 35 28
93 377 561 21 28
94 1163 554 46 29
95 0 538 29 18
96 1144 536 35 25
97 113 533 57 33
98 899 518 18 23
99 228 499 30 23
100 1925 490 10 44
101 854 485 36 35
102 208 479 46 36
103 112 475 37 29
104 9 473 40 32
105 1801 468 30 32
106 33 469 44 28
107 389 465 29 21
108 1469 459 47 51
109 1394 460 26 29
110 1746 455 39 33
111 283 456 19 26
112 246 455 28 30
113 215 453 36 29
114 781 450 43 36
115 1386 450 21 23
116 330 448 30 28
117 1401 436 40 43
118 234 436 25 29
119 16 436 33 32
120 426 434 36 22
121 1491 429 56 43
122 296 430 23 26
123 1134 425 33 43
124 1189 424 26 29
125 1468 402 56 58
126 216 399 44 56
127 382 401 26 21
128 995 395 60 43
129 0 389 36 32
130 1324 387 30 26
131 1280 386 21 26
132 256 374 50 78
133 1018 380 23 28
134 1426 371 23 40
135 1802 370 32 37
136 1751 350 28 32
137 421 340 30 26
138 1100 335 25 21
139 1033 328 43 42
140 1070 324 32 29
141 273 324 23 26
142 435 322 32 26
143 409 307 35 40
144 1119 306 42 40
145 1576 302 23 21
146 344 290 32 22
147 643 288 19 25
148 425 282 36 46
149 278 284 32 32
150 674 267 32 35
151 641 269 23 19
152 298 257 78 47
153 1511 256 36 35
154 736 253 46 37
155 782 253 30 32
156 1899 254 28 18
157 770 246 21 26
158 264 242 47 26
159 370 234 46 40
160 1906 227 29 33
161 213 222 40 47
162 386 210 50 43
163 152 212 37 32
164 1234 203 30 32
165 16 195 22 25
166 1245 186 30 25
167 283 185 42 28
168 312 174 29 32
169 192 161 33 26
170 1190 136 35 30
171 261 127 46 64
172 1287 112 23 22
173 1665 99 23 33
174 1505 92 37 32
175 1493 87 25 29
176 1473 64 26 25
177 1077 60 49 44
178 1432 40 51 28
