0 1867 1199 42 16
1 880 1194 51 21
2 1127 1193 28 18
3 1054 1191 28 24
4 1150 1189 33 26
5 1273 1189 23 22
6 1181 1183 32 33
7 1074 1178 33 37
8 1807 1176 25 30
9 629 1176 26 33
10 1020 1176 29 22
11 1138 1172 28 22
12 708 1168 30 33
13 582 1167 33 33
14 1160 1165 33 39
15 1658 1164 35 35
16 1058 1164 35 29
17 1373 1159 32 35
18 1859 1158 25 22
19 1108 1152 25 26
20 1139 1142 26 29
21 1352 1141 30 25
22 1845 1139 35 29
23 691 1137 53 44
24 813 1137 37 26
25 1438 1133 56 47
26 653 1131 30 32
27 628 1127 28 26
28 1050 1124 42 37
29 901 1126 33 26
30 1109 1122 25 28
31 1497 1121 29 28
32 592 1121 25 25
33 682 1109 32 60
34 1068 1107 23 39
35 619 1105 23 35
36 566 1100 40 68
37 1542 1106 26 21
38 995 1086 85 129
39 1516 1099 35 40
40 1133 1099 25 28
41 1057 1081 64 65
42 452 1087 28 23
43 553 1082 21 21
44 1662 1075 36 46
45 1111 1071 28 43
46 1001 1072 29 37
47 855 1067 43 28
48 1027 1063 32 43
49 1502 1061 26 29
50 1604 1059 39 39
51 324 1059 21 25
52 842 1052 32 23
53 1099 1051 22 23
54 1056 1051 22 23
55 1078 1042 16 43
56 1089 1034 35 81
57 1540 1031 40 57
58 1056 1032 22 23
59 1113 1027 28 28
60 1493 1024 42 35
61 943 1020 37 39
62 883 1021 39 32
63 973 1011 42 67
64 812 1007 86 72
65 1108 1012 47 25
66 1565 1009 21 26
67 1127 993 33 26
68 872 990 54 39
69 972 979 19 29
70 523 976 33 37
71 873 977 19 28
72 476 967 36 37
73 506 967 30 28
74 1535 957 39 61
75 833 959 50 43
76 616 955 40 57
77 825 959 22 21
78 671 956 25 23
79 594 954 29 32
80 1623 943 46 47
81 687 941 25 23
82 963 938 28 35
83 622 935 32 29
84 862 932 28 30
85 882 932 25 19
86 1572 918 39 50
87 901 909 33 32
88 1263 892 42 56
89 32 892 22 26
90 1568 875 30 32
91 1092 874 42 33
92 1360 854 25 30
93 1568 828 25 28
94 1691 799 25 22
95 194 772 28 26
96 254 753 23 29
97 238 751 22 25
98 655 749 35 30
99 659 731 36 26
100 741 722 29 42
101 808 644 26 23
102 831 616 25 30
103 1737 608 29 22
104 917 593 30 43
105 296 592 40 44
106 497 563 25 25
107 39 562 30 29
108 1568 517 39 49
109 1865 479 36 39
110 227 480 22 21
111 716 475 39 36
112 907 476 36 25
113 1563 472 32 26
114 233 457 36 37
115 620 457 26 25
116 962 427 42 39
117 593 423 54 56
118 219 414 50 54
119 244 414 26 29
120 575 410 44 40
121 1101 384 47 64
122 967 386 42 35
123 1880 375 46 44
124 521 378 22 23
125 1218 373 30 25
126 1681 361 25 21
127 1065 343 70 100
128 1074 352 30 30
129 1749 344 47 47
130 1916 339 19 40
131 284 329 26 21
132 261 266 47 44
133 180 267 44 37
134 1180 241 50 46
135 1645 225 22 23
136 1391 222 33 33
137 334 206 23 25
138 1332 199 26 35
139 826 199 30 35
140 316 186 32 29
141 1436 165 28 25
142 482 164 22 25
143 1264 147 28 26
144 410 125 21 21
145 1500 107 40 47
146 1224 107 26 33
147 1392 88 32 30
148 1197 77 37 39
149 332 74 36 36
150 1495 62 58 56
151 1298 59 29 28
152 844 45 28 26
153 673 44 30 30
154 1504 42 29 33
155 347 37 58 61
156 1227 39 29 33
157 655 36 30 30
158 637 36 25 26
159 1480 30 29 33
160 610 12 30 30
161 766 12 28 21
162 1224 2 42 47
163 1416 0 57 71
164 467 0 32 23
165 38 0 33 28
166 0 0 56 39
