0 90 1200 43 15
1 397 1193 28 22
2 645 1191 32 25
3 699 1188 30 27
4 898 1178 25 33
5 305 1177 35 32
6 1310 1166 26 26
7 894 1159 23 21
8 368 1148 18 28
9 1775 1139 40 39
10 867 1133 40 71
11 439 1116 32 25
12 60 1110 47 40
13 1793 1111 46 19
14 1797 1090 26 28
15 1361 1086 42 51
16 108 1087 33 30
17 1100 1085 35 26
18 93 1080 23 25
19 1498 1072 25 23
20 1064 1060 30 23
21 914 1048 22 25
22 1858 1039 51 84
23 458 1045 33 37
24 686 1045 29 32
25 1097 1041 26 26
26 1071 1036 32 30
27 1669 1026 23 21
28 708 987 39 36
29 688 957 35 44
30 509 955 33 33
31 548 936 37 46
32 1774 936 25 25
33 1658 921 28 22
34 765 921 23 21
35 729 908 30 25
36 1666 897 49 30
37 531 894 25 28
38 590 891 22 26
39 46 886 28 50
40 511 882 33 37
41 608 866 35 35
42 921 864 46 39
43 694 861 43 29
44 755 844 30 29
45 1842 816 43 33
46 435 806 29 53
47 116 792 29 26
48 729 776 103 84
49 723 778 30 30
50 1566 770 26 25
51 1247 747 30 19
52 5 743 42 44
53 1613 744 33 32
54 1137 723 49 50
55 1262 726 22 22
56 9 722 19 25
57 29 715 22 29
58 1804 691 25 25
59 1906 661 21 25
60 1211 659 26 29
61 1917 645 19 26
62 326 632 23 25
63 1289 620 33 37
64 1120 601 37 42
65 1878 595 35 43
66 911 593 28 19
67 307 587 28 23
68 1810 583 23 22
69 577 582 30 32
70 1820 577 36 50
71 1908 563 27 44
72 314 565 21 26
73 275 563 23 28
74 655 561 25 29
75 378 547 29 39
76 1001 545 22 22
77 276 543 25 26
78 1223 526 37 32
79 555 522 37 40
80 209 524 26 28
81 332 516 28 22
82 607 511 32 36
83 546 506 46 25
84 1808 475 71 141
85 509 482 54 56
86 354 475 23 39
87 1103 465 68 56
88 361 448 35 37
89 1080 438 33 50
90 403 421 30 33
91 356 396 32 64
92 455 399 33 28
93 1502 390 32 32
94 46 385 64 42
95 266 381 32 49
96 174 369 39 32
97 31 351 51 46
98 362 345 36 36
99 362 334 23 23
100 1661 313 43 65
101 382 310 22 36
102 1623 305 26 26
103 751 284 40 37
104 1663 278 43 30
105 42 274 50 33
106 1601 269 35 26
107 1889 255 46 35
108 377 249 30 33
109 109 238 25 19
110 1905 236 28 25
111 48 230 49 46
112 201 215 33 47
113 382 215 28 22
114 895 204 51 46
115 422 207 25 26
116 151 206 47 35
117 1699 193 50 65
118 458 140 23 22
119 239 137 30 32
120 1098 130 42 56
121 709 134 30 26
122 744 126 44 37
123 1889 118 46 39
124 1092 119 25 22
125 1264 114 32 43
126 51 117 35 28
127 1111 112 23 25
128 222 102 42 42
129 206 101 25 29
130 254 97 50 47
131 0 98 26 29
132 1773 92 43 40
133 1703 87 25 23
134 330 84 44 32
135 112 77 29 35
136 53 67 22 22
137 0 39 79 65
138 883 32 29 40
139 90 33 28 30
140 743 24 37 35
141 1748 18 26 36
142 47 16 53 37
143 949 18 23 21
144 339 13 75 36
145 32 12 21 29
146 219 9 37 47
147 128 11 33 25
148 207 0 33 32
