0 938 1201 35 14
1 1286 1199 33 16
2 986 1195 29 20
3 1470 1188 30 28
4 1857 1180 42 35
5 1326 1178 40 37
6 1236 1176 19 23
7 1702 1167 40 36
8 1443 1168 43 35
9 1605 1167 22 29
10 957 1161 43 50
11 670 1153 37 40
12 1068 1151 39 46
13 1584 1146 26 43
14 1636 1142 56 32
15 1848 1140 28 39
16 1805 1141 36 33
17 1168 1132 56 83
18 584 1141 29 26
19 1517 1129 33 36
20 1623 1130 33 23
21 967 1125 37 49
22 93 1123 23 29
23 79 1117 28 32
24 955 1117 35 16
25 539 1112 50 42
26 436 1091 35 36
27 1598 1078 71 35
28 550 1074 28 39
29 1832 1072 32 32
30 571 1056 39 49
31 1320 1058 29 26
32 619 1058 28 22
33 712 1052 29 22
34 1825 1043 42 46
35 530 1045 26 32
36 1206 1042 26 28
37 697 1041 25 19
38 557 1033 19 42
39 495 1024 19 25
40 509 1024 25 21
41 622 1022 19 23
42 553 1015 78 70
43 544 1010 26 25
44 1451 1006 39 35
45 364 1005 23 23
46 1266 1003 19 23
47 315 1001 36 26
48 394 999 28 23
49 1693 994 39 28
50 1021 993 21 23
51 1726 990 25 33
52 528 989 39 32
53 500 989 40 35
54 1325 988 29 29
55 369 987 23 26
56 48 972 29 28
57 391 971 23 23
58 998 966 49 54
59 1772 963 47 47
60 332 966 21 26
61 1579 947 33 50
62 1888 947 43 36
63 501 945 39 42
64 453 935 29 23
65 859 930 23 22
66 364 929 33 33
67 1323 925 36 51
68 477 919 26 33
69 1920 915 15 30
70 455 916 25 25
71 1776 905 33 56
72 980 901 43 46
73 489 901 19 23
74 476 875 64 40
75 1762 871 21 26
76 1661 853 29 28
77 450 846 22 25
78 560 841 64 53
79 337 823 81 64
80 1620 818 42 47
81 932 813 44 53
82 314 812 35 26
83 1201 806 37 42
84 354 777 33 29
85 1454 768 49 36
86 1706 767 23 29
87 1514 739 25 23
88 1767 737 33 26
89 1599 732 29 30
90 1797 730 26 23
91 1101 729 29 21
92 1675 717 44 47
93 1616 713 21 40
94 569 712 32 29
95 1788 712 23 23
96 1757 710 33 33
97 1735 708 29 23
98 634 706 22 19
99 1585 695 47 47
100 1580 698 25 22
101 611 687 26 26
102 1896 680 35 39
103 986 676 28 30
104 961 672 32 21
105 1773 670 21 26
106 1464 651 25 25
107 1517 619 25 28
108 926 613 40 54
109 1501 607 28 32
110 1375 595 30 26
111 1384 580 29 28
112 1162 571 35 50
113 617 573 30 36
114 988 571 25 29
115 640 569 54 42
116 38 562 35 42
117 1323 560 33 26
118 1347 550 39 33
119 644 548 29 33
120 1256 542 43 22
121 1256 535 74 53
122 289 505 29 28
123 81 500 43 30
124 1240 489 35 29
125 681 489 29 29
126 1418 488 26 21
127 1472 484 33 30
128 648 478 40 56
129 770 479 44 37
130 1310 474 30 40
131 537 462 56 95
132 306 470 33 33
133 209 466 37 46
134 455 460 43 26
135 1311 454 22 22
136 50 442 29 50
137 526 431 35 32
138 1446 410 29 30
139 1795 408 29 28
140 799 394 23 21
141 183 374 22 25
142 1501 367 32 43
143 755 369 23 32
144 528 365 42 36
145 493 328 54 47
146 540 329 30 29
147 1834 325 65 29
148 566 321 29 39
149 487 323 32 26
150 366 316 30 29
151 527 317 37 19
152 30 314 29 33
153 46 302 47 61
154 523 302 26 21
155 9 299 40 36
156 501 298 26 29
157 160 294 57 30
158 534 287 71 37
159 1034 273 32 43
160 521 275 37 22
161 155 269 32 36
162 555 267 46 29
163 1128 257 53 63
164 501 262 37 28
165 221 261 25 25
166 132 256 35 39
167 788 249 72 51
168 791 238 46 35
169 1263 233 36 37
170 837 234 30 25
171 660 231 35 40
172 540 224 39 36
173 1308 225 21 22
174 726 206 89 81
175 666 215 42 16
176 438 212 37 40
177 500 207 57 61
178 173 202 32 43
179 1778 198 36 44
180 1584 194 65 61
181 1619 194 29 26
182 555 189 28 21
183 325 187 22 21
184 448 173 33 30
185 510 162 51 42
186 733 148 46 47
187 162 148 40 19
188 654 131 78 92
189 1054 136 25 26
190 1026 120 46 30
191 749 115 36 40
192 412 117 39 23
193 505 112 40 35
194 100 107 26 22
195 534 106 33 25
196 590 96 40 42
197 462 95 35 25
198 1603 82 44 39
199 516 82 25 26
200 487 82 35 26
201 682 78 37 43
202 852 78 36 36
203 662 80 28 21
204 102 76 25 23
205 404 70 68 54
206 77 71 25 22
207 654 60 36 23
208 99 53 25 30
209 1094 52 23 26
210 1383 47 22 25
211 82 46 25 29
212 545 42 42 30
213 519 36 33 26
214 477 28 51 44
215 992 26 39 29
216 1023 20 33 23
217 1053 7 32 35
218 156 8 36 22
219 535 5 33 29
220 739 2 51 44
221 407 3 22 18
222 1034 0 28 26
223 551 0 29 22
224 813 0 53 43
225 759 0 65 12
