0 820 1199 42 16
1 222 1178 30 30
2 348 1148 42 30
3 980 1143 21 25
4 238 1107 54 51
5 782 1102 40 44
6 645 1021 35 32
7 0 1018 25 37
8 829 1014 46 43
9 721 1008 42 33
10 11 996 36 35
11 769 988 33 21
12 0 966 23 42
13 1581 963 42 49
14 780 966 23 26
15 802 961 30 26
16 713 957 30 32
17 749 951 29 25
18 607 935 29 33
19 794 930 19 23
20 1734 915 30 25
21 761 903 46 53
22 803 906 25 26
23 23 888 26 25
24 1604 882 70 47
25 239 877 43 37
26 1142 842 42 32
27 198 841 33 26
28 1201 817 33 37
29 221 813 28 23
30 1231 808 33 39
31 1286 802 30 35
32 104 783 26 26
33 1185 765 39 35
34 21 754 33 39
35 182 733 32 46
36 64 699 32 26
37 153 696 47 32
38 12 695 23 23
39 873 689 23 19
40 338 571 29 33
41 1907 557 28 29
42 565 543 96 70
43 42 547 29 35
44 920 538 35 16
45 894 512 37 43
46 931 509 32 29
47 1656 504 39 30
48 646 502 35 29
49 1869 498 39 46
50 1919 485 16 22
51 1119 477 54 39
52 15 466 40 26
53 811 463 35 40
54 0 456 26 26
55 1922 448 13 28
56 1280 433 32 28
57 590 424 30 26
58 1847 382 26 30
59 1895 380 39 26
60 626 331 56 119
61 502 344 26 26
62 1916 341 19 42
63 1322 312 32 32
64 1341 288 32 33
65 845 281 23 22
66 848 212 40 40
67 1252 211 35 25
68 1174 142 26 25
69 1375 130 46 36
70 1197 122 39 37
71 1098 106 82 64
72 1296 105 44 33
73 1174 82 37 37
74 1148 81 33 29
75 1215 65 71 65
76 722 59 60 65
77 1202 40 43 54
78 1108 40 29 26
79 1284 14 61 68
80 958 0 37 46
81 1195 0 51 25
82 258 15 46 42
