0 1449 1190 57 25
1 32 1169 49 42
2 1652 1143 44 33
3 0 1141 46 33
4 1213 1130 46 42
5 1662 1121 32 22
6 833 1103 28 25
7 1636 1094 47 36
8 153 1089 32 30
9 530 1080 22 29
10 1623 1079 28 30
11 715 1063 29 28
12 710 1044 28 26
13 1359 1039 23 23
14 1587 1031 46 64
15 1436 1030 28 30
16 801 1010 56 54
17 1625 985 42 23
18 723 984 29 29
19 1530 983 21 21
20 678 979 47 44
21 620 981 29 30
22 613 962 29 25
23 0 961 32 28
24 1552 960 37 22
25 565 954 35 29
26 6 944 26 26
27 94 936 33 26
28 192 920 71 54
29 0 919 26 33
30 69 916 46 40
31 528 913 25 29
32 1812 904 37 39
33 1888 896 48 33
34 1202 894 30 26
35 745 883 42 33
36 408 878 35 37
37 499 873 25 28
38 541 869 30 46
39 187 867 33 36
40 214 867 19 26
41 1107 858 50 39
42 184 843 29 33
43 168 841 25 39
44 1118 842 19 22
45 591 837 37 36
46 1157 821 30 43
47 1105 820 40 25
48 126 813 23 26
49 1530 809 49 35
50 97 809 30 22
51 1649 802 25 35
52 1068 793 30 36
53 1509 794 29 19
54 128 778 33 26
55 8 775 26 25
56 1113 772 46 33
57 907 766 47 47
58 1493 763 22 23
59 1723 753 49 23
60 23 744 28 30
61 169 741 40 36
62 1624 724 25 37
63 198 718 36 32
64 0 716 85 47
65 1433 710 28 29
66 50 711 28 26
67 36 703 21 25
68 0 701 39 29
69 1513 696 50 40
70 876 698 25 25
71 85 695 26 28
72 37 693 50 21
73 19 690 22 25
74 1475 683 35 23
75 146 674 43 36
76 93 671 32 35
77 634 661 26 25
78 857 654 32 42
79 1232 650 42 37
80 1204 636 33 28
81 1896 629 25 23
82 752 619 40 36
83 906 594 28 19
84 879 586 28 23
85 0 582 29 29
86 859 574 28 35
87 1413 563 25 28
88 1391 549 30 35
89 1689 517 86 61
90 1528 518 29 30
91 1809 511 49 47
92 464 482 32 36
93 1679 473 35 39
94 1338 465 40 50
95 1036 453 37 37
96 1058 443 32 21
97 962 431 30 26
98 1042 427 29 29
99 1263 425 35 39
100 1737 420 21 22
101 1037 409 28 23
102 667 401 42 37
103 1890 392 45 37
104 1022 395 28 21
105 910 382 25 26
106 792 378 29 21
107 1588 370 63 63
108 1593 370 30 28
109 856 354 64 75
110 1044 359 22 21
111 776 356 28 26
112 908 355 26 25
113 1333 352 26 30
114 1213 349 36 40
115 1601 347 53 30
116 1786 343 36 50
117 1572 344 32 29
118 899 341 26 22
119 801 335 102 60
120 739 333 40 61
121 732 332 19 23
122 1643 331 26 21
123 816 328 33 36
124 699 319 25 35
125 860 320 29 18
126 755 314 22 28
127 800 312 32 32
128 1633 305 33 22
129 915 297 36 47
130 91 294 25 22
131 1769 291 23 26
132 1265 287 26 29
133 882 285 39 47
134 722 289 29 21
135 802 272 22 32
136 926 268 44 43
137 745 271 26 26
138 818 262 70 72
139 877 262 25 22
140 925 257 19 23
141 1641 245 36 46
142 876 237 22 25
143 924 217 57 63
144 118 220 37 35
145 896 219 22 28
146 826 220 23 21
147 1246 213 32 25
148 912 209 16 35
149 928 207 25 28
150 1229 196 40 23
151 194 191 54 46
152 916 186 37 30
153 238 181 23 25
154 212 178 32 25
155 94 177 22 23
156 1347 175 32 30
157 1226 174 28 26
158 1865 166 33 28
159 914 166 26 22
160 901 158 18 26
161 241 154 32 30
162 47 155 36 26
163 1212 151 33 28
164 1419 137 49 60
165 161 139 37 39
166 1188 131 29 39
167 88 133 33 28
168 1440 120 29 33
169 1679 116 54 49
170 1318 110 30 30
171 854 100 57 32
172 195 95 39 49
173 1443 93 25 33
174 1465 85 35 29
175 242 68 26 23
176 1473 63 22 26
177 113 58 39 46
178 1491 55 25 46
179 1447 45 25 26
180 795 41 19 49
181 1472 40 35 25
182 1756 35 40 42
183 1236 37 29 26
184 130 28 35 37
185 1200 11 33 35
186 1221 0 35 29
187 1088 0 39 19
188 181 0 50 19
