0 1538 1149 30 36
1 1507 1146 28 33
2 1556 1128 26 28
3 1606 1121 23 29
4 40 1116 39 33
5 100 1089 25 23
6 1896 1086 32 29
7 871 1083 44 43
8 1006 1082 25 25
9 1610 1078 50 37
10 982 1040 37 58
11 1628 1042 16 36
12 889 1036 35 21
13 1597 1032 23 30
14 1631 1022 21 25
15 1704 1021 35 16
16 1718 1001 25 19
17 1767 972 25 23
18 916 971 60 30
19 1870 961 28 28
20 956 958 32 26
21 1780 951 26 29
22 934 951 28 29
23 1423 947 32 30
24 940 923 32 40
25 966 922 29 37
26 929 890 40 39
27 106 814 25 37
28 1432 802 26 22
29 1597 791 43 42
30 1488 790 22 25
31 1446 785 46 63
32 127 786 26 28
33 920 775 37 36
34 1248 776 22 26
35 149 761 36 33
36 122 762 25 28
37 1523 750 30 29
38 192 691 29 44
39 950 615 29 26
40 1142 610 67 49
41 1269 604 28 32
42 192 596 37 54
43 632 592 54 30
44 416 563 22 29
45 1000 549 36 51
46 1192 540 40 42
47 1078 531 56 33
48 1542 529 30 22
49 1239 518 26 21
50 1796 514 29 35
51 510 508 35 36
52 1114 504 35 30
53 1081 498 37 37
54 216 500 25 22
55 450 489 37 47
56 1222 489 44 35
57 558 482 23 22
58 1260 479 35 39
59 247 473 16 42
60 232 473 19 25
61 256 445 26 40
62 1470 443 44 36
63 118 440 22 37
64 1117 439 28 28
65 1040 431 28 30
66 215 419 29 26
67 1283 381 29 32
68 1235 364 36 44
69 1787 362 37 25
70 716 359 36 33
71 122 352 23 22
72 1402 342 32 36
73 1466 334 50 37
74 1054 311 26 19
75 1468 284 44 42
76 975 279 25 28
77 1031 274 42 47
78 1343 275 26 25
79 995 272 26 29
80 206 261 30 37
81 581 259 46 29
82 1891 255 33 44
83 1496 244 33 37
84 1345 236 35 46
85 1918 234 18 39
86 1412 182 22 23
87 1456 170 61 57
88 1493 159 23 22
89 1370 154 32 32
90 1548 150 36 42
91 1474 151 23 22
92 1211 146 64 61
93 602 129 22 22
94 1473 125 47 29
95 1825 109 42 22
96 208 93 33 30
97 991 62 40 36
98 941 53 19 22
99 622 32 25 29
100 1876 22 40 35
101 1321 19 42 30
102 768 10 29 30
103 669 0 33 36
