0 644 1161 37 47
1 1093 978 26 30
2 727 763 40 51
3 739 630 46 47
4 824 617 33 44
5 1785 606 29 25
6 1454 564 21 28
7 704 543 39 47
8 1512 541 28 28
9 1847 397 29 26
10 665 380 26 25
11 1472 371 25 40
12 1864 334 35 29
13 1784 283 23 23
14 380 256 28 23
15 1839 240 42 54
16 1675 194 28 21
17 711 164 21 25
18 242 132 35 44
19 1176 129 36 37
20 1254 129 43 35
21 1358 122 44 29
22 1333 104 32 47
23 90 99 32 30
24 226 94 19 26
25 1332 85 23 22
26 1380 84 25 22
27 1358 75 28 28
28 276 71 28 32
29 1202 13 29 21
30 36 0 29 16
