0 450 1191 35 25
1 78 1185 22 21
2 466 1181 26 30
3 1293 1181 26 25
4 423 1179 36 30
5 1224 1176 84 39
6 1258 1160 32 30
7 450 1156 22 19
8 634 1149 37 26
9 466 1150 46 21
10 533 1131 30 46
11 595 1129 40 37
12 636 1128 32 28
13 183 1120 29 23
14 202 1104 35 51
15 515 1104 39 37
16 1582 1099 28 51
17 1544 1102 25 22
18 19 1093 21 30
19 1297 1090 58 43
20 1154 1089 23 25
21 1537 1080 26 26
22 1795 1073 22 23
23 200 1071 26 30
24 1170 1071 25 23
25 121 1059 57 74
26 1781 1057 25 23
27 279 1051 26 22
28 1801 1044 29 35
29 1756 1038 32 33
30 1785 1037 21 25
31 153 1031 32 33
32 298 1026 37 40
33 288 1020 29 30
34 319 1019 25 25
35 1590 1007 40 28
36 471 1004 23 26
37 310 1002 35 25
38 379 999 33 32
39 1804 970 28 22
40 481 960 26 30
41 1792 956 23 23
42 1764 954 30 22
43 422 953 35 33
44 0 948 29 26
45 364 943 29 26
46 859 940 32 29
47 241 917 47 44
48 1899 912 25 22
49 1700 908 19 29
50 1455 905 29 30
51 0 896 19 36
52 1332 884 47 49
53 1628 868 32 33
54 79 867 32 25
55 1198 851 26 25
56 1620 843 42 50
57 1421 836 23 19
58 515 830 35 50
59 1680 826 23 23
60 1183 820 21 22
61 1113 817 51 44
62 1177 774 36 42
63 971 776 25 22
64 1210 768 28 29
65 1511 760 21 26
66 887 732 25 25
67 656 724 23 25
68 902 714 25 29
69 1170 707 51 72
70 945 713 30 33
71 889 702 28 23
72 1341 701 33 23
73 1438 693 43 49
74 880 681 23 23
75 856 679 30 23
76 894 669 23 22
77 978 663 26 22
78 488 662 23 28
79 846 653 29 26
80 1504 637 25 22
81 830 634 33 30
82 902 621 54 61
83 849 619 37 30
84 1137 617 32 32
85 899 618 22 26
86 936 616 26 26
87 878 603 26 47
88 1051 604 26 19
89 931 595 47 33
90 226 596 32 22
91 138 594 30 37
92 167 591 40 37
93 1153 588 51 42
94 260 578 35 43
95 566 578 30 33
96 1792 574 39 30
97 437 571 23 21
98 214 569 25 29
99 166 569 19 23
100 954 561 30 33
101 273 549 35 30
102 177 543 42 50
103 1919 540 16 29
104 928 533 37 70
105 822 536 30 28
106 917 525 25 26
107 856 516 46 42
108 640 505 36 40
109 725 492 22 30
110 1871 489 22 25
111 149 488 35 28
112 217 475 29 23
113 467 469 28 33
114 1428 464 43 49
115 1792 457 32 42
116 407 458 26 29
117 1861 456 57 35
118 1449 457 25 26
119 218 443 25 25
120 1870 442 32 25
121 200 439 22 26
122 1423 428 28 26
123 472 426 40 37
124 606 422 25 28
125 1840 420 29 33
126 704 417 47 40
127 1673 416 22 30
128 1745 408 23 21
129 1505 407 25 21
130 1534 398 25 23
131 772 398 28 26
132 1521 377 29 36
133 812 356 39 26
134 1852 354 25 23
135 1867 351 40 30
136 1758 322 39 39
137 1256 308 37 35
138 74 297 39 46
139 1250 288 29 30
140 233 288 26 30
141 824 284 26 30
142 223 282 22 21
143 1016 278 36 37
144 982 256 43 75
145 1026 261 25 30
146 768 257 35 32
147 861 249 23 26
148 999 247 26 22
149 1066 245 50 32
150 974 244 28 25
151 828 243 39 32
152 82 235 51 37
153 1577 235 26 26
154 778 232 25 42
155 1320 232 19 28
156 277 226 22 23
157 1580 216 25 23
158 700 206 40 33
159 562 203 39 56
160 811 197 40 33
161 742 197 19 21
162 1292 187 42 51
163 840 187 25 30
164 856 186 40 30
165 1321 183 40 22
166 808 162 58 42
167 849 156 60 43
168 1788 158 29 22
169 1136 148 75 70
170 394 141 36 44
171 352 137 35 39
172 133 137 53 32
173 1790 134 25 26
174 1803 121 39 57
175 670 103 36 30
176 1176 99 46 36
177 726 96 32 26
178 694 88 28 23
179 713 81 30 22
180 1745 78 36 26
181 866 71 35 26
182 730 61 26 29
183 1854 60 42 35
184 931 61 22 21
185 752 59 25 26
186 1232 56 25 28
187 1211 53 25 23
188 1001 49 26 35
189 1735 48 28 23
190 732 42 26 29
191 897 40 33 42
192 1145 25 65 36
193 359 13 25 32
194 60 8 60 58
195 737 10 42 30
196 1790 7 23 29
197 686 5 36 28
198 1823 0 32 21
199 757 0 44 22
200 624 0 74 85
201 248 0 30 21
202 8 0 36 25
