0 1438 1201 33 14
1 1259 1195 28 20
2 1862 1189 22 23
3 1070 1172 25 29
4 823 1167 37 42
5 1087 1159 25 47
6 1101 1158 21 29
7 584 1157 39 39
8 1640 1154 43 40
9 296 1115 30 22
10 383 1089 26 26
11 468 1080 49 47
12 1544 1076 35 32
13 1468 1065 25 22
14 1569 1047 29 23
15 869 1035 21 26
16 1603 1033 37 30
17 265 1028 28 23
18 1413 1021 33 32
19 1334 1020 25 25
20 1269 1010 46 33
21 367 1005 23 30
22 326 1001 33 33
23 1652 999 46 42
24 1577 998 35 23
25 1625 997 26 26
26 1533 984 54 46
27 321 979 23 26
28 333 962 65 60
29 1745 957 63 44
30 442 948 50 49
31 1198 944 46 43
32 527 931 26 21
33 798 898 23 25
34 882 888 30 30
35 1704 883 40 44
36 544 856 50 100
37 1855 843 42 36
38 909 841 32 37
39 906 808 26 28
40 469 804 23 33
41 519 803 29 25
42 483 768 28 25
43 1539 762 40 44
44 1752 764 32 28
45 496 749 67 58
46 897 733 44 44
47 848 722 37 35
48 450 714 25 25
49 1450 705 25 23
50 1771 700 42 30
51 1013 688 29 44
52 1060 683 26 22
53 1016 679 36 26
54 1111 673 47 40
55 1052 636 23 28
56 1068 623 22 23
57 1135 583 40 40
58 106 567 25 23
59 277 551 37 33
60 458 540 25 29
61 477 474 23 21
62 439 428 23 22
63 646 417 28 33
64 1741 398 40 42
65 1914 344 21 26
66 408 341 29 32
67 1914 323 21 30
68 1889 320 30 47
69 610 314 32 33
70 339 232 25 32
71 354 222 30 28
72 58 188 36 39
73 835 170 23 26
74 56 141 44 44
75 0 105 72 91
76 118 101 23 42
77 1419 82 26 29
78 57 68 51 50
79 536 51 25 22
80 117 11 32 32
81 98 6 30 26
82 75 0 26 26
83 611 0 75 40
