0 625 1199 36 16
1 702 1191 39 25
2 11 1189 28 26
3 1699 1180 51 36
4 579 1178 23 32
5 620 1177 26 29
6 640 1177 26 28
7 1489 1161 28 30
8 1721 1160 47 29
9 981 1153 29 32
10 1851 1149 40 49
11 896 1144 47 32
12 665 1141 42 43
13 1526 1132 36 29
14 1725 1120 28 23
15 855 1114 33 43
16 1492 1111 37 57
17 910 1099 19 22
18 944 1073 42 43
19 857 1074 29 23
20 1764 1070 49 37
21 833 1067 33 37
22 123 1066 25 18
23 1599 1047 54 39
24 1534 1009 43 43
25 929 1007 57 37
26 1404 1004 37 30
27 1633 1001 32 30
28 1477 983 53 74
29 450 980 47 32
30 1512 977 42 33
31 1299 973 43 57
32 1566 975 37 32
33 1551 967 26 54
34 853 960 32 32
35 72 959 25 30
36 346 949 33 26
37 1385 946 23 28
38 1363 926 35 35
39 221 922 40 28
40 1384 919 28 25
41 1339 907 29 35
42 1361 903 30 30
43 1679 902 39 28
44 1724 862 29 26
45 807 857 40 58
46 1900 859 36 40
47 1144 854 35 35
48 76 847 39 30
49 283 842 19 35
50 1828 837 30 28
51 1269 832 32 37
52 877 831 46 42
53 1182 831 36 29
54 1705 826 19 25
55 1632 818 25 36
56 283 819 28 23
57 392 816 47 30
58 1842 812 40 40
59 1362 806 40 54
60 1250 808 30 29
61 23 808 29 29
62 1209 806 28 37
63 352 808 21 22
64 1221 805 33 23
65 1145 799 75 67
66 45 795 26 29
67 1826 791 28 21
68 504 774 29 26
69 1810 770 21 29
70 1202 760 50 33
71 910 757 35 56
72 1831 757 26 30
73 1276 757 25 26
74 727 750 70 56
75 1526 748 40 33
76 1315 744 28 28
77 761 739 35 40
78 484 737 67 51
79 1750 734 39 42
80 302 733 21 28
81 1097 724 21 23
82 1663 705 22 22
83 1313 694 54 44
84 963 676 32 32
85 1345 672 44 39
86 1391 671 22 21
87 57 667 32 28
88 1352 642 49 42
89 1667 635 36 32
90 1554 611 22 33
91 791 601 32 40
92 1761 596 25 23
93 523 593 37 39
94 100 595 23 19
95 1480 575 23 26
96 1056 563 21 22
97 450 556 32 28
98 446 536 33 28
99 1499 531 39 40
100 1828 518 28 25
101 1668 495 25 21
102 375 455 36 35
103 1048 439 29 37
104 385 427 32 35
105 1658 418 32 47
106 1119 411 29 29
107 1055 412 18 25
108 168 410 25 22
109 421 409 21 28
110 176 397 46 63
111 25 393 21 23
112 165 390 21 25
113 1693 384 28 25
114 1012 376 60 35
115 893 377 22 22
116 910 374 44 32
117 97 373 44 26
118 188 364 32 22
119 1055 351 46 53
120 1023 353 32 35
121 913 353 37 29
122 1002 336 26 26
123 1024 332 30 29
124 802 297 23 25
125 1628 292 26 29
126 1202 281 40 47
127 785 282 26 22
128 1748 271 30 21
129 5 260 26 32
130 790 257 32 35
131 0 247 16 47
132 0 222 18 33
133 34 217 29 33
134 1750 212 23 22
135 514 197 30 33
136 217 196 32 22
137 486 194 22 22
138 933 191 44 35
139 506 181 28 23
140 1577 136 46 37
141 300 134 26 39
142 1133 129 21 26
143 42 117 47 33
144 1345 101 28 36
145 222 102 33 28
146 1486 84 22 22
147 1751 77 39 46
148 1562 77 28 25
149 155 74 49 46
150 1783 73 35 46
151 1732 72 26 26
152 1843 68 29 26
153 550 64 26 25
154 1888 58 47 43
155 1784 59 23 21
156 1813 37 23 26
157 1794 37 21 21
158 1004 18 60 88
159 573 19 23 28
160 1632 12 26 33
161 726 10 23 29
162 229 0 33 36
163 1920 0 15 33
