0 1645 1201 30 14
1 1625 1200 26 15
2 1591 1195 30 20
3 621 1195 21 20
4 1695 1186 36 28
5 130 1177 42 37
6 1057 1178 35 23
7 631 1169 25 30
8 1655 1165 29 40
9 1557 1165 29 32
10 1529 1140 74 53
11 1645 1111 28 25
12 1669 1105 21 30
13 1662 1084 28 28
14 1601 1076 37 33
15 1699 1067 32 28
16 1588 1064 40 22
17 371 1046 35 33
18 1104 1043 29 33
19 1619 1038 63 49
20 925 1020 21 26
21 1186 1007 30 29
22 1101 1002 26 21
23 1659 997 25 29
24 1550 996 25 33
25 1701 994 26 25
26 84 991 30 25
27 1197 986 25 25
28 1257 982 21 26
29 1145 976 37 28
30 1650 975 28 28
31 1213 975 25 23
32 1262 966 30 23
33 683 963 39 36
34 1648 954 26 23
35 1625 942 25 26
36 1204 940 71 40
37 546 942 23 22
38 613 938 53 44
39 1016 937 29 29
40 1737 929 32 33
41 922 918 32 32
42 1274 916 23 21
43 75 908 50 56
44 378 907 33 28
45 1211 900 40 30
46 1764 893 23 22
47 1551 879 35 35
48 1223 864 33 32
49 181 850 37 50
50 1553 834 57 57
51 205 818 42 50
52 62 787 29 19
53 84 771 46 44
54 191 748 60 43
55 951 746 32 39
56 682 741 30 30
57 297 725 46 51
58 329 709 35 53
59 327 657 56 32
60 726 657 30 23
61 1782 650 46 42
62 1695 635 22 23
63 1552 616 37 44
64 990 586 26 23
65 716 575 30 30
66 1014 573 28 26
67 1170 566 43 26
68 878 566 22 22
69 497 558 22 30
70 1625 549 43 28
71 932 546 23 33
72 647 544 28 25
73 817 534 35 32
74 770 517 25 23
75 864 505 33 44
76 1048 497 26 19
77 210 488 42 43
78 1816 479 28 29
79 1694 443 39 61
80 36 432 25 26
81 1425 429 61 36
82 876 414 22 28
83 31 414 26 22
84 897 406 28 30
85 1316 398 56 53
86 0 387 26 28
87 1031 363 32 35
88 1724 360 46 44
89 20 352 42 25
90 102 335 30 26
91 1768 298 64 68
92 48 301 56 46
93 1309 297 49 33
94 1172 281 54 79
95 1358 252 28 42
96 1894 230 33 29
97 1356 216 23 25
98 931 200 25 23
99 44 192 35 32
100 20 186 23 23
101 1362 178 22 26
102 1180 169 54 60
103 1249 170 25 35
104 220 169 46 39
105 22 162 36 26
106 1219 157 23 22
107 1654 149 37 50
108 362 132 32 22
109 1363 102 42 60
110 1184 100 30 40
111 1323 98 29 26
112 90 86 22 29
113 321 71 23 25
114 1285 60 33 32
115 1025 54 33 30
116 1863 51 40 44
117 343 36 22 32
118 379 10 21 30
119 400 10 26 28
120 1171 1 22 21
121 388 0 21 23
