0 833 1195 29 20
1 934 1177 33 35
2 1378 1156 23 26
3 1396 1123 43 42
4 1891 1106 23 36
5 767 1096 26 32
6 1396 1061 29 22
7 751 1039 43 44
8 1014 1033 36 28
9 157 1007 46 37
10 1094 1008 32 18
11 23 997 40 42
12 58 973 37 39
13 86 970 30 44
14 56 937 29 43
15 107 928 36 43
16 87 923 29 61
17 233 924 22 33
18 1295 920 26 32
19 109 909 30 26
20 1691 889 44 33
21 945 874 51 32
22 748 853 57 43
23 334 851 42 30
24 251 808 39 30
25 143 791 29 23
26 1036 785 23 21
27 740 764 35 32
28 41 751 49 43
29 1315 749 37 40
30 1590 733 18 22
31 676 725 36 39
32 1790 720 56 43
33 1545 719 35 23
34 1572 715 29 30
35 1520 700 25 25
36 1532 652 47 51
37 1281 627 60 51
38 683 624 30 42
39 1340 613 32 29
40 1250 608 35 49
41 1416 609 23 28
42 949 592 42 35
43 841 581 26 26
44 1848 580 32 26
45 1313 574 37 61
46 101 557 23 23
47 1383 543 39 42
48 1802 531 33 29
49 1488 529 22 26
50 1359 523 29 37
51 0 489 16 32
52 0 465 43 37
53 33 454 21 26
54 33 433 23 23
55 0 398 16 51
56 0 391 107 67
57 0 372 60 30
58 179 345 37 22
59 1485 318 29 25
60 1650 268 43 51
61 127 263 47 46
62 1462 259 36 21
63 0 228 30 37
64 1482 218 35 44
65 1432 205 26 57
66 1534 199 28 25
67 1829 198 22 26
68 135 198 32 23
69 1898 61 38 36
70 214 38 22 22
71 236 34 32 29
72 849 0 30 26
73 713 0 39 68
74 540 48 40 47
