0 892 1204 35 12
1 1812 1202 43 13
2 1177 1169 44 26
3 0 1156 39 30
4 820 1140 35 40
5 49 1105 28 26
6 92 1095 30 28
7 711 1056 21 28
8 332 1043 40 36
9 692 1040 26 26
10 178 1002 42 37
11 1047 995 21 32
12 1061 985 25 35
13 103 983 40 44
14 369 980 29 47
15 212 976 39 44
16 86 975 22 44
17 27 971 46 40
18 1049 961 28 35
19 558 952 44 79
20 0 959 25 25
21 1316 956 43 40
22 429 953 22 22
23 168 951 43 29
24 1148 929 25 18
25 1108 908 37 39
26 1621 906 36 37
27 900 902 36 47
28 1135 903 36 25
29 358 884 26 25
30 1892 883 32 26
31 751 880 33 47
32 170 873 60 36
33 1362 870 40 32
34 248 863 39 36
35 1555 857 33 21
36 687 856 35 28
37 165 854 30 30
38 187 849 61 35
39 499 829 21 21
40 422 822 51 46
41 507 821 39 43
42 477 822 21 28
43 1460 814 42 36
44 782 816 25 18
45 20 806 37 36
46 778 794 25 25
47 472 789 26 28
48 211 777 35 46
49 1487 776 37 32
50 759 774 28 26
51 1563 762 49 39
52 1245 761 42 32
53 1819 757 23 21
54 1775 751 25 54
55 1681 747 32 32
56 835 736 58 42
57 1588 734 74 47
58 1512 736 23 35
59 1565 730 23 37
60 1694 726 30 26
61 1628 726 21 28
62 1458 720 71 70
63 1645 722 29 44
64 770 721 30 35
65 1145 711 57 65
66 1556 713 28 29
67 1768 713 26 22
68 1884 710 21 19
69 113 707 53 32
70 1571 700 35 23
71 1146 695 36 40
72 1526 684 53 88
73 1656 687 42 51
74 1631 677 39 44
75 1513 676 35 30
76 1665 660 37 44
77 1361 656 33 32
78 215 657 29 22
79 1765 654 22 29
80 99 645 26 18
81 11 641 25 32
82 895 634 37 37
83 1862 632 26 25
84 25 629 30 29
85 1586 612 30 29
86 1229 611 25 29
87 1603 604 26 21
88 41 598 61 53
89 1879 593 49 54
90 856 589 57 57
91 1722 582 78 98
92 1581 581 47 42
93 1798 581 47 33
94 0 575 33 29
95 0 561 86 106
96 944 571 26 28
97 1694 562 23 22
98 1456 560 39 36
99 1635 557 23 33
100 1766 551 22 22
101 1567 549 26 32
102 17 547 19 23
103 1495 527 81 78
104 1646 534 26 26
105 57 533 29 28
106 1691 524 37 29
107 1483 524 26 21
108 1505 517 25 35
109 31 503 61 50
110 1268 495 23 22
111 634 490 49 30
112 803 479 50 51
113 718 482 29 32
114 1038 473 22 32
115 1007 471 40 43
116 1256 471 25 26
117 634 469 29 25
118 660 462 30 33
119 741 460 33 35
120 1461 455 32 39
121 1265 449 39 32
122 640 449 29 23
123 1036 444 29 36
124 51 437 46 28
125 1635 432 37 42
126 824 432 25 32
127 1113 425 28 36
128 643 425 33 22
129 1918 419 18 33
130 480 418 32 36
131 1681 416 29 33
132 689 392 39 43
133 0 388 25 29
134 1905 385 26 33
135 1395 373 23 29
136 802 361 26 23
137 1783 352 22 39
138 748 347 23 22
139 801 319 44 49
140 636 312 29 30
141 776 308 32 33
142 675 310 36 16
143 255 293 22 23
144 1155 291 23 25
145 48 277 19 26
146 7 277 23 26
147 1801 274 32 36
148 740 269 25 30
149 404 266 35 29
150 531 261 28 32
151 67 250 26 23
152 1727 241 32 29
153 1091 239 39 35
154 1058 213 26 19
155 1256 209 18 23
156 417 206 30 25
157 1771 203 25 28
158 1796 195 30 30
159 1219 174 23 35
160 1261 169 25 32
161 1337 159 64 72
162 1165 162 32 29
163 1240 153 29 19
164 1216 149 30 29
165 535 140 46 29
166 1838 137 23 23
167 614 135 32 35
168 1406 135 21 26
169 341 126 54 61
170 1717 119 49 28
171 370 113 25 23
172 691 98 56 54
173 389 97 33 40
174 336 98 51 29
175 145 97 29 30
176 1233 96 35 33
177 188 94 23 29
178 1404 92 49 35
179 1388 89 25 42
180 672 78 29 32
181 1059 78 25 26
182 606 58 40 44
183 1897 58 33 36
184 269 56 33 43
185 327 54 26 29
186 520 48 40 51
187 1234 34 30 18
188 717 30 29 32
189 1852 17 49 42
190 1468 13 46 42
191 459 13 50 39
192 108 9 46 49
193 661 0 28 28
194 473 0 26 23
