0 1502 1193 28 22
1 340 1181 37 34
2 1472 1179 36 35
3 1543 1176 26 39
4 65 1172 44 43
5 253 1172 35 36
6 580 1167 40 42
7 1495 1167 32 28
8 1147 1161 42 42
9 1516 1155 46 46
10 690 1147 29 30
11 664 1143 33 37
12 561 1140 26 25
13 1691 1134 28 44
14 1680 1133 21 22
15 1583 1121 28 21
16 1688 1116 46 35
17 217 1116 29 28
18 215 1093 77 39
19 1393 1088 35 36
20 1496 1080 40 51
21 953 1073 44 28
22 558 1032 33 47
23 18 1027 35 23
24 967 1024 29 30
25 834 1018 32 36
26 511 1017 32 25
27 859 1012 26 26
28 891 1000 33 33
29 1411 994 25 35
30 868 992 36 25
31 0 983 36 40
32 570 974 25 28
33 645 964 63 85
34 1883 963 23 23
35 831 962 22 23
36 202 959 33 36
37 228 955 23 28
38 266 949 46 49
39 723 943 35 37
40 279 937 26 21
41 251 937 28 21
42 282 914 81 78
43 1414 878 36 30
44 1394 873 26 29
45 1023 875 21 19
46 1370 869 28 35
47 1188 829 25 30
48 60 830 26 28
49 1257 796 28 23
50 1559 786 32 36
51 1015 775 42 32
52 1349 776 28 18
53 1216 767 37 23
54 1514 759 68 51
55 607 763 26 25
56 981 762 30 25
57 1005 758 30 28
58 565 757 36 35
59 677 754 28 26
60 1239 738 53 57
61 1292 738 47 40
62 1573 737 26 29
63 1165 737 28 26
64 653 735 35 33
65 1541 724 47 49
66 1533 727 28 22
67 935 719 23 29
68 1546 711 28 36
69 773 712 33 30
70 1582 711 33 30
71 1274 712 37 22
72 109 699 36 53
73 1666 701 33 33
74 1664 692 21 22
75 1285 690 19 30
76 1122 684 88 65
77 1807 689 26 26
78 1690 678 42 56
79 1226 673 64 65
80 997 670 54 50
81 1476 670 39 40
82 1230 672 22 21
83 1138 669 25 28
84 1704 660 37 30
85 1676 646 32 57
86 1262 641 35 30
87 1343 638 42 43
88 605 633 33 40
89 875 619 29 39
90 1675 616 39 36
91 974 613 33 22
92 1343 599 46 40
93 1589 598 30 30
94 1489 584 43 33
95 869 583 30 19
96 876 558 29 28
97 858 523 35 36
98 1861 513 35 37
99 130 500 43 49
100 1914 491 21 32
101 1714 484 42 36
102 772 463 28 23
103 572 450 32 33
104 732 436 23 32
105 1901 433 34 42
106 246 429 21 22
107 568 422 53 46
108 766 415 21 30
109 639 413 32 30
110 1752 412 39 32
111 997 408 32 30
112 1922 404 13 39
113 960 400 28 30
114 167 399 37 35
115 1779 386 44 63
116 92 389 50 30
117 1242 386 28 23
118 598 382 30 30
119 473 369 30 33
120 1190 367 29 30
121 306 367 30 32
122 1685 363 37 28
123 1172 356 22 22
124 593 355 22 23
125 1281 348 23 25
126 1222 344 21 25
127 1320 337 49 50
128 625 338 29 39
129 646 334 23 42
130 1076 331 44 30
131 1852 331 25 28
132 1171 326 30 26
133 1197 321 37 32
134 3 322 23 22
135 795 320 42 33
136 61 320 30 29
137 42 319 25 22
138 1343 314 22 26
139 874 312 28 36
140 23 312 29 19
141 1261 303 46 50
142 929 302 50 44
143 1280 290 77 107
144 505 299 36 49
145 1235 299 30 25
146 7 292 22 22
147 1264 289 36 30
148 36 287 25 29
149 1208 284 23 23
150 33 260 23 35
151 1258 258 33 36
152 1775 256 32 32
153 932 243 26 33
154 1206 241 25 36
155 1863 207 32 28
156 1781 191 23 25
157 1823 180 98 44
158 1234 161 32 32
159 1504 161 25 28
160 1434 150 26 22
161 1458 142 39 44
162 1483 122 40 36
163 1367 104 61 60
164 1523 107 30 23
165 1800 85 29 26
166 1462 51 36 42
167 1543 50 37 36
168 1430 28 32 40
169 1497 7 39 33
170 1604 1 25 21
