0 534 1185 25 28
1 59 1176 30 37
2 151 1172 50 43
3 771 1166 67 46
4 1327 1168 26 25
5 1210 1160 25 22
6 667 1155 47 43
7 584 1145 49 37
8 744 1143 28 32
9 727 1143 21 28
10 219 1138 44 37
11 619 1132 23 25
12 1062 1130 30 23
13 1214 1121 33 36
14 1231 1123 30 21
15 290 1120 25 26
16 771 1120 25 19
17 269 1115 28 26
18 50 1110 33 32
19 792 1107 36 30
20 1140 1105 35 23
21 1164 1094 28 29
22 822 1095 25 25
23 253 1092 26 32
24 804 1088 21 26
25 133 1081 26 35
26 730 1080 23 33
27 1198 1070 26 32
28 593 1068 43 37
29 350 1069 40 22
30 1111 1055 30 36
31 718 1049 26 26
32 659 1049 25 19
33 1185 1041 28 22
34 1158 1038 29 26
35 223 1035 23 33
36 1637 1013 22 23
37 183 1006 56 32
38 1682 987 23 25
39 1698 983 44 32
40 1587 984 25 23
41 1297 977 35 22
42 1518 936 26 22
43 832 937 33 21
44 746 932 22 35
45 1485 926 33 36
46 265 919 25 26
47 1504 917 49 28
48 1271 908 25 25
49 281 906 29 32
50 1837 891 30 43
51 98 863 37 40
52 262 863 33 28
53 1071 845 26 22
54 1740 836 49 39
55 363 837 19 26
56 1647 817 63 42
57 1635 813 30 44
58 1604 805 44 58
59 1541 805 36 32
60 1667 804 23 22
61 0 791 18 32
62 1880 788 26 30
63 1496 779 46 51
64 1267 783 28 21
65 786 767 29 28
66 1182 742 46 39
67 1345 740 25 28
68 1171 735 25 25
69 497 735 30 18
70 1219 728 30 28
71 1387 720 29 26
72 1739 719 25 23
73 1260 718 32 29
74 558 686 32 28
75 745 670 23 28
76 1832 666 49 43
77 1125 666 25 30
78 729 659 23 23
79 1864 646 61 40
80 1228 641 21 30
81 301 628 30 30
82 384 626 26 25
83 861 607 35 43
84 334 604 60 49
85 136 604 32 32
86 701 583 22 25
87 719 579 33 28
88 1168 579 25 21
89 364 565 74 98
90 1139 569 40 37
91 818 543 67 51
92 1607 535 22 22
93 1558 524 21 25
94 1584 513 43 74
95 1576 512 23 21
96 465 505 53 46
97 714 492 28 26
98 317 485 60 53
99 491 481 51 43
100 817 470 29 22
101 461 465 18 23
102 708 462 29 36
103 516 449 39 30
104 1001 446 29 26
105 1018 433 40 44
106 1349 433 32 26
107 911 424 37 44
108 1036 425 33 26
109 84 420 22 22
110 1920 410 15 37
111 1766 407 35 37
112 730 401 35 37
113 1027 399 30 39
114 1044 385 36 53
115 750 381 51 28
116 1048 365 65 54
117 1112 364 26 32
118 768 360 29 23
119 1841 353 22 23
120 1747 349 47 40
121 281 347 39 35
122 1134 346 29 29
123 234 344 25 25
124 1097 338 46 33
125 21 337 35 37
126 1178 337 25 23
127 952 333 40 30
128 1064 328 25 35
129 165 330 44 21
130 331 322 39 37
131 1503 315 92 71
132 1281 316 18 37
133 1006 304 50 37
134 1857 299 60 42
135 427 297 39 42
136 190 296 26 19
137 885 289 46 37
138 140 289 30 26
139 1112 283 23 28
140 1092 282 25 28
141 166 282 33 26
142 196 278 28 22
143 305 275 35 40
144 1835 260 44 49
145 999 260 35 22
146 1370 238 23 26
147 238 231 32 32
148 394 229 32 25
149 1827 223 33 26
150 377 203 33 29
151 1728 201 25 22
152 1836 198 32 36
153 660 194 61 58
154 103 193 56 36
155 894 190 44 51
156 997 184 26 23
157 19 184 23 25
158 1250 177 35 32
159 695 172 23 32
160 1373 164 102 82
161 40 167 36 36
162 1904 145 31 36
163 418 139 25 26
164 776 127 60 32
165 734 112 57 53
166 1380 85 35 26
167 369 84 28 25
168 1752 56 36 37
169 1261 56 28 25
170 573 39 28 25
171 1016 34 42 56
172 1806 36 30 28
173 745 32 43 35
174 1376 27 36 37
175 1801 23 28 19
176 1745 22 26 19
177 659 18 21 22
178 1053 14 61 39
179 715 11 43 53
180 1753 5 61 65
181 1764 8 25 23
182 1294 6 36 36
183 1046 0 32 28
184 1402 0 32 25
185 1292 0 33 14
186 719 0 36 25
