0 207 1204 35 12
1 650 1193 22 22
2 929 1181 19 26
3 465 1181 28 28
4 1348 1174 29 30
5 1438 1171 19 21
6 180 1167 26 29
7 607 1164 42 43
8 520 1156 36 35
9 547 1157 30 19
10 738 1148 26 29
11 459 1148 29 29
12 701 1138 29 30
13 745 1129 22 22
14 1675 1125 16 26
15 780 1123 26 25
16 1242 1120 37 30
17 394 1119 23 23
18 511 1113 47 53
19 1364 1092 23 23
20 1260 1090 21 32
21 1273 1078 29 29
22 530 1045 47 61
23 1657 1047 29 29
24 983 1042 35 33
25 120 1042 32 29
26 1328 1027 26 22
27 604 1022 23 25
28 366 1013 29 42
29 1754 1015 21 21
30 728 1012 22 22
31 902 1004 39 22
32 624 997 35 40
33 339 992 25 33
34 1788 988 25 29
35 561 964 25 26
36 281 964 28 19
37 931 958 28 29
38 1866 942 32 33
39 735 914 28 26
40 249 886 23 29
41 288 884 23 29
42 599 872 19 71
43 1479 872 23 21
44 1389 869 42 30
45 1021 867 36 35
46 0 857 22 23
47 1682 845 29 36
48 1043 846 35 33
49 1162 807 23 30
50 1765 775 47 50
51 491 776 21 23
52 1152 764 37 40
53 1117 763 30 29
54 1205 754 23 28
55 992 709 30 25
56 20 691 22 25
57 1827 676 50 33
58 657 654 36 37
59 295 606 50 28
60 455 595 51 35
61 1176 576 47 53
62 1354 562 40 28
63 0 534 22 28
64 1723 528 49 28
65 852 514 30 30
66 920 513 42 35
67 6 507 29 32
68 994 500 40 40
69 1739 500 23 25
70 0 493 19 29
71 27 491 46 40
72 439 488 23 28
73 1666 483 39 49
74 1303 467 30 23
75 637 466 37 19
76 398 453 39 33
77 969 424 54 75
78 105 428 49 43
79 30 409 42 32
80 1117 388 25 22
81 929 353 36 36
82 742 340 35 39
83 1647 334 36 35
84 822 329 25 25
85 1898 326 30 36
86 107 319 28 40
87 1888 305 35 30
88 114 297 36 33
89 1913 294 22 29
90 1271 286 36 26
91 717 279 25 25
92 700 276 23 29
93 1352 265 22 30
94 791 258 23 30
95 807 255 46 35
96 876 253 39 26
97 907 245 36 35
98 1534 230 22 26
99 1254 229 26 35
100 1005 230 26 28
101 1024 226 32 26
102 818 197 22 29
103 1357 179 39 51
104 734 178 54 63
105 1722 182 54 23
106 432 171 37 53
107 1546 166 42 46
108 530 164 32 22
109 473 161 37 44
110 828 162 26 26
111 421 145 61 53
112 465 148 32 25
113 357 140 30 26
114 1613 136 39 33
115 1891 136 43 23
116 387 133 26 23
117 512 120 37 35
118 367 116 28 35
119 421 106 30 39
120 313 108 32 26
121 819 103 37 56
122 408 106 25 23
123 1635 98 39 32
124 212 97 44 33
125 1523 96 28 33
126 275 96 36 22
127 745 94 33 28
128 1412 92 23 28
129 1151 85 51 37
130 935 84 37 35
131 1623 78 30 33
132 756 77 42 28
133 271 76 29 29
134 1906 73 30 42
135 492 51 35 40
136 1110 30 26 25
137 1566 14 30 36
138 856 11 28 23
139 1259 5 33 51
140 824 2 26 35
141 1597 0 25 42
142 1621 0 49 43
143 1406 0 29 23
144 869 0 28 19
145 325 0 61 28
