0 1083 1202 32 13
1 1134 1200 49 15
2 1689 1184 39 31
3 1714 1169 54 46
4 1376 1166 21 23
5 1355 1155 30 29
6 1220 1151 67 44
7 1030 1144 43 54
8 1317 1139 39 39
9 198 1130 26 29
10 189 1121 22 23
11 464 1113 47 37
12 199 1090 64 74
13 995 1093 36 47
14 1545 1090 28 32
15 1517 1068 33 30
16 1537 1067 40 30
17 51 1066 25 23
18 545 1052 49 33
19 1499 1035 96 50
20 66 1029 60 58
21 1919 1032 16 29
22 1036 1031 32 32
23 0 1025 44 30
24 1569 1023 36 39
25 91 1023 36 21
26 639 1020 28 22
27 1067 1019 26 26
28 1561 1010 28 26
29 1145 1008 36 33
30 1733 1008 26 26
31 84 1004 28 30
32 1488 994 77 42
33 53 989 44 37
34 1204 989 23 22
35 1844 977 88 72
36 1876 1002 30 25
37 1426 981 36 46
38 695 983 28 26
39 557 982 30 26
40 99 982 32 23
41 668 979 28 22
42 1564 971 56 56
43 1481 971 40 43
44 75 968 32 33
45 1148 969 39 19
46 57 960 26 33
47 1171 947 39 36
48 1903 942 32 56
49 1219 935 49 46
50 104 931 23 29
51 1189 923 47 72
52 1278 926 28 28
53 1245 923 39 37
54 1387 923 30 30
55 1299 915 33 44
56 1345 912 30 33
57 239 909 25 26
58 193 902 37 39
59 65 902 43 35
60 1766 900 25 30
61 1647 899 30 25
62 1359 896 33 43
63 1718 888 44 37
64 234 887 15 33
65 1540 880 26 21
66 1199 867 25 22
67 12 868 23 19
68 581 864 22 28
69 566 858 22 23
70 1798 850 43 53
71 1334 820 44 26
72 1341 799 29 25
73 1207 784 36 44
74 368 786 23 26
75 1504 776 28 26
76 326 770 22 30
77 1428 765 47 53
78 1469 761 33 26
79 366 758 25 26
80 0 732 19 23
81 1853 730 19 23
82 881 721 47 56
83 653 704 43 53
84 208 701 46 40
85 236 694 23 26
86 1898 691 38 35
87 564 687 28 28
88 211 686 26 23
89 584 681 32 25
90 417 676 33 42
91 1666 662 37 42
92 964 660 46 25
93 589 658 32 22
94 606 645 39 29
95 1246 637 37 37
96 1212 610 42 51
97 595 605 54 56
98 285 602 32 33
99 25 590 25 26
100 1308 575 51 51
101 709 563 40 28
102 1255 561 30 35
103 1679 549 35 36
104 862 550 23 29
105 0 550 37 33
106 830 548 37 35
107 1214 546 29 32
108 1004 540 47 32
109 822 512 26 19
110 854 504 36 61
111 1879 470 50 37
112 599 461 29 36
113 1398 433 63 49
114 451 424 36 28
115 709 404 37 29
116 936 395 32 25
117 780 392 40 42
118 1619 394 22 21
119 641 389 35 28
120 761 386 32 19
121 451 377 29 26
122 937 368 30 33
123 871 366 25 25
124 849 357 26 32
125 478 353 32 25
126 78 353 33 26
127 647 346 46 46
128 861 346 47 28
129 1605 344 28 25
130 1739 343 28 23
131 1418 340 36 40
132 50 341 28 26
133 464 339 28 23
134 918 335 33 39
135 898 336 22 30
136 505 333 26 23
137 478 326 25 22
138 840 314 67 40
139 814 315 46 33
140 143 312 22 21
141 521 309 28 26
142 64 308 29 35
143 895 305 26 39
144 77 293 28 21
145 714 285 32 33
146 1662 282 60 47
147 51 285 29 26
148 1725 281 35 42
149 1588 276 29 21
150 799 263 63 75
151 381 263 60 44
152 85 259 36 35
153 1445 252 22 22
154 1500 251 25 21
155 87 244 25 22
156 878 239 21 19
157 925 217 25 26
158 193 209 64 47
159 250 206 23 23
160 135 202 26 29
161 544 201 25 22
162 427 194 47 46
163 1092 176 35 37
164 253 175 54 39
165 150 173 25 30
166 240 170 22 33
167 221 140 32 35
168 203 127 36 32
169 305 125 42 15
170 232 125 26 19
171 124 104 39 36
172 278 80 46 46
173 277 18 44 36
174 1568 18 28 29
175 594 0 36 46
176 1796 0 32 28
177 943 0 28 32
