0 116 1199 22 16
1 0 1195 37 20
2 1782 1188 29 27
3 534 1177 37 29
4 1799 1178 28 18
5 1528 1176 30 28
6 1377 1165 56 47
7 120 1158 37 40
8 740 1148 86 39
9 924 1126 35 21
10 179 1122 30 29
11 1392 1118 30 32
12 37 1120 23 21
13 229 1102 43 49
14 708 1099 37 36
15 1262 1099 21 35
16 122 1099 25 28
17 566 1075 44 49
18 270 1072 23 28
19 1783 1067 43 49
20 880 1070 18 22
21 1357 1063 35 30
22 1297 1018 33 36
23 1353 994 39 26
24 58 989 22 22
25 1650 985 43 42
26 940 984 22 19
27 1807 976 47 49
28 1638 973 21 28
29 1815 968 23 21
30 866 946 28 21
31 894 943 22 21
32 470 933 25 23
33 875 927 40 22
34 1189 921 54 42
35 1605 914 30 19
36 1450 901 28 22
37 1290 892 33 42
38 431 889 22 29
39 1650 886 33 33
40 1581 872 39 46
41 274 844 29 25
42 79 842 28 36
43 68 829 25 26
44 96 824 28 37
45 350 815 36 50
46 0 811 44 42
47 520 800 29 42
48 326 801 37 29
49 1306 799 32 28
50 1585 748 36 29
51 51 737 33 35
52 848 729 37 49
53 472 721 37 49
54 862 711 28 30
55 512 707 29 28
56 603 706 22 23
57 444 700 36 33
58 486 690 26 33
59 1225 669 30 32
60 770 667 22 21
61 1188 642 29 23
62 999 627 35 39
63 1150 622 53 25
64 1020 616 26 28
65 1197 602 33 44
66 913 594 44 43
67 1171 585 36 44
68 1194 580 33 28
69 1135 576 47 43
70 1222 573 72 57
71 1779 575 22 28
72 1892 567 43 46
73 1282 569 23 29
74 1771 557 29 25
75 1202 550 30 32
76 1160 547 51 40
77 1254 540 44 49
78 1138 535 51 61
79 1655 520 35 30
80 1683 519 28 25
81 264 511 21 25
82 1180 507 37 32
83 142 505 25 26
84 742 490 25 18
85 1660 468 30 28
86 695 458 42 33
87 313 423 42 25
88 1322 413 39 39
89 27 410 30 29
90 1657 401 46 42
91 1722 372 33 25
92 859 370 21 32
93 1832 360 23 26
94 1259 347 30 28
95 574 346 25 32
96 680 331 37 35
97 904 327 30 28
98 91 323 25 26
99 187 307 35 22
100 1232 306 30 25
101 0 283 43 60
102 1744 277 35 42
103 874 279 25 28
104 187 275 49 36
105 1773 274 33 23
106 0 244 39 35
107 1290 240 30 23
108 1500 236 35 26
109 241 234 26 26
110 1279 188 28 29
111 1255 184 23 39
112 163 176 35 47
113 1697 156 32 23
114 323 148 57 40
115 1116 146 28 36
116 619 144 82 49
117 1678 146 35 28
118 281 141 30 26
119 341 125 25 28
120 208 118 33 28
121 1453 107 29 36
122 1168 101 22 23
123 715 79 35 43
124 1438 77 29 30
125 337 72 39 36
126 1680 70 30 30
127 583 67 22 23
128 665 65 23 32
129 1916 61 19 33
130 1455 52 29 44
131 297 33 23 25
132 310 22 29 16
133 380 19 23 29
134 1677 4 33 43
135 312 8 23 21
136 400 4 37 30
137 285 4 33 21
138 1240 0 21 21
139 381 0 32 15
